run,Average
1,0.3363160357165087
2,0.4354409161981798
3,0.3070903189814308
4,0.3424148838561424
5,0.599084982499428
6,0.37379099269009114
7,0.32971965971521516
8,0.3350289645378935
9,0.49148212575066913
10,0.5236035437554518
11,0.39823114794081194
12,0.34149680445423847
13,0.3368036324095398
14,0.29809083728243785
15,0.3478465063425828
16,0.40929056264431013
17,0.34886000714258736
18,0.4149618472775979
19,0.4252868396944275
20,0.3705419311539703
21,0.4119403074453952
22,0.4022826559634088
23,0.5269502010293518
24,0.35181856807093365
25,0.4381999123990555
26,0.33518658798474044
27,0.2842720115337295
28,0.5284059473050015
29,0.2797589621382534
30,0.29278867069853515
31,0.4230279651850493
32,0.44615298798730085
33,0.43620815619428294
34,0.31106391685447654
35,0.5117010543552307
36,0.46938103518323265
37,0.4782723841038201
38,0.4033073657757952
39,0.48023048252934625
40,0.3480590560796193
41,0.3699790278298115
42,0.43072986356537013
43,0.44210243152721573
44,0.31870038714176097
45,0.327041430769243
46,0.274792271202179
47,0.4909337420065145
48,0.33973073959352285
49,0.3449798157621028
50,0.35306695015018913
51,0.4423446414626368
52,0.41097148688268914
53,0.37135104645649414
54,0.5430190862415134
55,0.37562328258852035
56,0.5114967484217023
57,0.42247782264273914
58,0.3835100983356741
59,0.3706901921795855
60,0.317117292825934
61,0.43854755337797985
62,0.3383063017912663
63,0.45523183285679825
64,0.3143817873187046
65,0.3625568726038316
66,0.3643132109281924
67,0.34408887515793246
68,0.4346814124873532
69,0.3851736419653134
70,0.3827267010400077
71,0.37575280297296326
72,0.3250636956847986
73,0.47239645191335833
74,0.5690557003860348
75,0.41995524998936384
76,0.3478571647164378
77,0.37222834645524094
78,0.35943481708738384
79,0.42294840133076245
80,0.38051048834279133
81,0.30417468560641503
82,0.32455313435239147
83,0.5515035728201713
84,0.3886457381511771
85,0.36190753005903414
86,0.35619487040324177
87,0.5990338384395093
88,0.3397579959768107
89,0.36095686948944283
90,0.5520302595872812
91,0.26951549836159067
92,0.4906575678510161
93,0.394113628732394
94,0.3219658922235996
95,0.31858867140071107
96,0.2906858825112576
97,0.44313222594321355
98,0.33715984162070084
99,0.31762700983505776
100,0.389984998108687
101,0.4615334292539197
102,0.37059549716710094
103,0.2783685929824632
104,0.4380207949721195
105,0.34302722821512766
106,0.5183840036266311
107,0.34074276796718
108,0.3087742629955836
109,0.45405696306789844
110,0.29120448198869486
111,0.3011640793474858
112,0.3763816361825618
113,0.4673492117392988
114,0.3725476252378879
115,0.4716616787625215
116,0.43541921470119277
117,0.35075028296200406
118,0.26358784676653907
119,0.46187779155881376
120,0.3319044729411343
121,0.37157830179981544
122,0.2775942271689898
123,0.3662187731937313
124,0.35170221891010445
125,0.3325629771051928
126,0.3180850213062231
127,0.41452140825196365
128,0.37475983422305575
129,0.3645386729700147
130,0.3384060732219249
131,0.4539392575386177
132,0.4142702169326446
133,0.575059191177152
134,0.4026712104224993
135,0.34580344130084956
136,0.49394671354463116
137,0.2794950439209987
138,0.2834235733644707
139,0.42245509539999754
140,0.3732592472620388
141,0.31056640836167926
142,0.3798588378906157
143,0.3044415209312796
144,0.3673980801759509
145,0.4600706159114565
146,0.33771971397350425
147,0.38820563646562767
148,0.4897623635125775
149,0.4831564412830568
150,0.5310210731830107
151,0.34529748427122076
152,0.34869873658040534
153,0.6386261130936758
154,0.2935351261715201
155,0.47114633118286287
156,0.3180247021930577
157,0.38077512709245587
158,0.4050356723692203
159,0.48357270979955735
160,0.5153722833046934
161,0.296587641590978
162,0.514402176291576
163,0.3186584327980988
164,0.3817673155500077
165,0.5531228269117091
166,0.38728794130971606
167,0.29640529465114923
168,0.3916657216743649
169,0.29756900070657594
170,0.34273441303905655
171,0.33229424502534094
172,0.4205457103330273
173,0.30490992337876716
174,0.35961595960545106
175,0.2529659334093303
176,0.3396760238739948
177,0.31115726755676143
178,0.38756827344000355
179,0.38081527558515343
180,0.3127159226363794
181,0.29533100304058096
182,0.4015033046153677
183,0.3985737623005307
184,0.5765119877593409
185,0.43525939608826664
186,0.2983931934469493
187,0.4123579415877199
188,0.38359706910210534
189,0.4353690520183502
190,0.25527339954907624
191,0.4408355793575118
192,0.49967312194360114
193,0.3044698452162957
194,0.35270832456496004
195,0.651120517773306
196,0.3122030634036808
197,0.4546953931954097
198,0.5067976588056659
199,0.5076444296680723
200,0.28630471326729295
201,0.25129360755982216
202,0.28417694172668356
203,0.2612882403223727
204,0.4351366340392272
205,0.31668202716873306
206,0.5870251965732055
207,0.46792218373040045
208,0.3967169569243844
209,0.3319604898673997
210,0.45043784075379895
211,0.3585415017227103
212,0.31136931426394054
213,0.4606188779695468
214,0.5191162368190533
215,0.3704059427685588
216,0.31949321998051267
217,0.33395218525449305
218,0.41930585727064523
219,0.4197131421052618
220,0.2718307171504877
221,0.3254339967670199
222,0.4649313034475475
223,0.42648078486878227
224,0.3695498613122007
225,0.28315323282795246
226,0.43587859238336774
227,0.432901565957809
228,0.3785996643177481
229,0.3393538346301158
230,0.40338382028775954
231,0.4373787285556397
232,0.401079859012824
233,0.38114007340358524
234,0.30918592464480277
235,0.459391963490775
236,0.2947925401321268
237,0.4840926232722183
238,0.39113190380794804
239,0.29361802811897914
240,0.4003300258206414
241,0.481753785580728
242,0.49883835235396595
243,0.32302018480000205
244,0.5007281467056088
245,0.34915273087183085
246,0.42515145289899053
247,0.6509805664982125
248,0.3335306912567946
249,0.3624337746217754
250,0.45927838603428794
251,0.39214929845976815
252,0.29330287503916563
253,0.36560488170274547
254,0.30497696020922743
255,0.5050333917425183
256,0.6008645627229202
257,0.32264109213413056
258,0.3189334237607824
259,0.4753158142483847
260,0.47952722689313615
261,0.3532502704854088
262,0.5143446453208665
263,0.33942353353285704
264,0.345355411648199
265,0.3472066453418519
266,0.30959168616996263
267,0.4152279016367353
268,0.33329087145244657
269,0.3511880698287943
270,0.3282506131261983
271,0.36765331856221783
272,0.379910389868518
273,0.4114678971072943
274,0.3196917954138446
275,0.464869415931643
276,0.3560204242300698
277,0.34485106513957914
278,0.3619610598890154
279,0.31440031620436926
280,0.3085257155741247
281,0.3044780422199804
282,0.2950702837482299
283,0.36212939075937134
284,0.3181294324509317
285,0.4907437385499498
286,0.4063063995168777
287,0.42730436084350676
288,0.34462715246236286
289,0.4773747334604251
290,0.3424137641250791
291,0.3833072498172965
292,0.3993645492946196
293,0.3753606096504546
294,0.4650776118682047
295,0.3471441715627091
296,0.36428759454240683
297,0.5199346813401065
298,0.5448398630246847
299,0.3654030821230564
300,0.4451303320672406
301,0.3141435653213711
302,0.4285518250044907
303,0.4236737277785962
304,0.35040897853077196
305,0.44621584432293393
306,0.3140262889746819
307,0.42302286262979977
308,0.37105832228111857
309,0.5378352512829329
310,0.291727601057479
311,0.43014419335003307
312,0.4590735302460494
313,0.3951182180500754
314,0.36582171388011536
315,0.3476002960981171
316,0.30044390753500383
317,0.4098134322898512
318,0.3578083325166904
319,0.5062220472733897
320,0.38379739101078947
321,0.44400995848664726
322,0.5113339510951028
323,0.39486868581379936
324,0.43759814889391646
325,0.3296311366954452
326,0.3457796100701947
327,0.31777430071152735
328,0.5433913058094834
329,0.30194484582961334
330,0.3376334918037799
331,0.43004282980543856
332,0.3784621871259765
333,0.37247535593208647
334,0.2628702634040676
335,0.3778528163088965
336,0.33547698272137244
337,0.4265766966634569
338,0.33649300259974646
339,0.5284091689123023
340,0.4897503424704513
341,0.4052456766089089
342,0.3769860843063877
343,0.41839910016641046
344,0.3527078353560259
345,0.3554845528928715
346,0.43370922605816215
347,0.3437101627115916
348,0.40482822776231436
349,0.342705320266883
350,0.3858573064565514
351,0.3597140058444821
352,0.30002138180618054
353,0.4054307275585195
354,0.3625491468137634
355,0.359723720166638
356,0.5434191168492511
357,0.2692653467574422
358,0.4477360138489711
359,0.3438997022033285
360,0.6534123821306157
361,0.3803344788044695
362,0.5274036651440857
363,0.3536940997101293
364,0.3214671248125115
365,0.4408330630663621
366,0.32668340397857115
367,0.45373705780188484
368,0.4050167861438142
369,0.3627624154909245
370,0.3994184929180924
371,0.28942098004362776
372,0.4612600922924819
373,0.48305781172357404
374,0.38934615564340963
375,0.33315863442835375
376,0.35356058447279387
377,0.4547608386632508
378,0.41089681887911256
379,0.295850702873077
380,0.5056284473981895
381,0.2717235549479946
382,0.3572811093612436
383,0.43818004476181244
384,0.46696591774569157
385,0.3583782539193265
386,0.4174780162625744
387,0.2563972365976715
388,0.24390479987632266
389,0.37585639244206415
390,0.3109706287288595
391,0.3285071645670236
392,0.46594886164153065
393,0.46456129941560037
394,0.32910247489048194
395,0.3383480404168645
396,0.3761508881744477
397,0.37806530151878837
398,0.40345175138729217
399,0.351054059969973
400,0.34132298017054036
401,0.46921086350979185
402,0.28144805905932624
403,0.43258711840620157
404,0.4423615418378127
405,0.31035917514280476
406,0.3969179951902964
407,0.47471480603635485
408,0.37270460196851984
409,0.29910728880531823
410,0.3672209512933148
411,0.367647265552269
412,0.44240062624640214
413,0.520954273510342
414,0.35866751468738906
415,0.48213225920337094
416,0.32432018840493304
417,0.3899922111356054
418,0.363974203626801
419,0.3946304850098338
420,0.2711859443568116
421,0.293104140069705
422,0.39700907682671444
423,0.29333191602576564
424,0.37502777401139464
425,0.4886655671982515
426,0.3562878508461942
427,0.4556841290205532
428,0.4137038028315894
429,0.5678449724229264
430,0.4371389951260655
431,0.4517719930230435
432,0.47668297535962234
433,0.38949009912188237
434,0.34660757476308235
435,0.2762006745981256
436,0.23406094680932635
437,0.286429050120306
438,0.3594032099303422
439,0.42425055625363156
440,0.395557397970166
441,0.4590644678022304
442,0.6574359586834992
443,0.39856105751471593
444,0.34777651817147814
445,0.34951409403046474
446,0.3657162995293939
447,0.362843622455617
448,0.3127471765502433
449,0.2848912151564985
450,0.38975896045528896
451,0.40994137622002214
452,0.36078054929613435
453,0.35496582224173057
454,0.4546271801370287
455,0.313383165531934
456,0.3036582902010538
457,0.4272110648064689
458,0.4586747040870692
459,0.3994627544623739
460,0.4031027380222563
461,0.2776901774801659
462,0.3697010551664291
463,0.2946106009297187
464,0.2922814559225405
465,0.352562665033166
466,0.31631193406841157
467,0.42320688142013313
468,0.5069760653757439
469,0.4605952178747451
470,0.36681043186417317
471,0.5188623945766446
472,0.2311587108598636
473,0.4155842405694272
474,0.42161042193495435
475,0.4914180098108554
476,0.34038098471015954
477,0.36664329967790044
478,0.3059354009969045
479,0.39399454180224774
480,0.37492991465653797
481,0.28665038403775317
482,0.5987886776364139
483,0.5597621659842532
484,0.41900395044003713
485,0.43175469100046693
486,0.4602870202095133
487,0.2713206830258592
488,0.4228064809819937
489,0.37159778319236614
490,0.4292779707448879
491,0.3334150288091226
492,0.5084961059493396
493,0.341138018571516
494,0.6269092422425635
495,0.2982375807091083
496,0.49781427631815833
497,0.35675697494717085
498,0.3060925324165953
499,0.29212004789722085
500,0.3098418729128042
501,0.4183721442501651
502,0.3367435877079766
503,0.36441873549346343
504,0.2907810117439348
505,0.2616480047998837
506,0.4273549936063645
507,0.300546242964783
508,0.29890947130229745
509,0.38247746480121375
510,0.3680208190927037
511,0.48025855683855656
512,0.4383197600531186
513,0.3685576685235337
514,0.3044544429155969
515,0.30234526417781604
516,0.31329676743769813
517,0.3643461831345057
518,0.41039951168272243
519,0.31244332886988196
520,0.3248457393058056
521,0.4612096321691319
522,0.32124127352942217
523,0.5361785146422712
524,0.44838047045072776
525,0.36562828634400024
526,0.43452760951809005
527,0.36145371701515966
528,0.26189504239791417
529,0.36890194057246223
530,0.3953558780909454
531,0.2993120716903248
532,0.2840005700114123
533,0.3712318696585676
534,0.37363431928284635
535,0.3422670203197341
536,0.5536135604527822
537,0.34564371987168274
538,0.5051628450341459
539,0.30418206608123494
540,0.40938613289139264
541,0.3471176206721427
542,0.45276498388433495
543,0.26999531256365006
544,0.3791375888089876
545,0.473562417109098
546,0.34461768389865804
547,0.4711517658535384
548,0.37989626798987997
549,0.3167718952794964
550,0.5259417645111241
551,0.2920091353753323
552,0.3057561860887723
553,0.4368674796135679
554,0.3690616960882711
555,0.2553945257035107
556,0.38556919288763875
557,0.5488483031495582
558,0.4369444496191242
559,0.28547991244735416
560,0.6009158047890655
561,0.27803878986179886
562,0.38972337070415275
563,0.3015922978497573
564,0.26236332677284463
565,0.2894049372212554
566,0.45566963499867963
567,0.37401242895141135
568,0.580502484883989
569,0.37513258161340285
570,0.363352493898214
571,0.36286824583760446
572,0.3743189532590348
573,0.33152943897418385
574,0.3863251349746934
575,0.31882019767904796
576,0.30603328278467656
577,0.49968008418819776
578,0.2801834462000808
579,0.31550862362619136
580,0.420700344636931
581,0.48968314640494415
582,0.33781308343974786
583,0.2970778134530233
584,0.32802004641621335
585,0.3101328012306346
586,0.6124924167228701
587,0.2998393316972952
588,0.2872357559923644
589,0.3920872574387394
590,0.41589504609056976
591,0.4050149225504382
592,0.4686922380525505
593,0.42013527491590924
594,0.3083860660796215
595,0.574704060640818
596,0.3993514645950764
597,0.36502026450393016
598,0.5275513437583663
599,0.6993166270381821
600,0.45347821383726356
601,0.3305911998203684
602,0.4636441788830401
603,0.38933890619221667
604,0.42801893761108595
605,0.3337795791365135
606,0.42125798740997406
607,0.3146603557074302
608,0.3486453251134728
609,0.30270015213733387
610,0.31926033036147916
611,0.4661294512198949
612,0.505323639135094
613,0.4187885611208258
614,0.44658664966669986
615,0.3074799851711002
616,0.27147318843261625
617,0.5690524860590195
618,0.45183407681620646
619,0.27055683214783743
620,0.3535558835877357
621,0.4458088352699139
622,0.6693970416788215
623,0.3512933941239314
624,0.48636659211847555
625,0.4407447282019213
626,0.4057057978574897
627,0.4146556099587308
628,0.3432482955851866
629,0.5742731397271952
630,0.28833243127303065
631,0.3948752897218185
632,0.4425677969955719
633,0.6743589781258947
634,0.458054427904077
635,0.4703924808911294
636,0.35532863299698214
637,0.42327760878024306
638,0.35297794159486107
639,0.3801265755941256
640,0.2704818973150248
641,0.287332821010352
642,0.35104204272589484
643,0.3665004871234566
644,0.3168716796988471
645,0.29146526662239275
646,0.487705622893944
647,0.2775906030605816
648,0.27873531788061917
649,0.4521754754862459
650,0.3350000447611473
651,0.6029694462539402
652,0.4365021650655936
653,0.3483288553088106
654,0.42026917730487184
655,0.35394855007236864
656,0.3964045004119294
657,0.4837342697322299
658,0.37808756232216356
659,0.34375971684206075
660,0.3428205076252346
661,0.4210328573238561
662,0.4624847752291589
663,0.3166707373191266
664,0.4846256218812816
665,0.3178603227622374
666,0.48598174253936455
667,0.3614035977734203
668,0.43261618852120304
669,0.4491770898974972
670,0.5252480048161062
671,0.32049738104218295
672,0.37203931921055566
673,0.2908858828324722
674,0.46439490959909385
675,0.472309874848294
676,0.47542586666441333
677,0.40766807298702284
678,0.3281370514868871
679,0.4214140580066667
680,0.27536572714237206
681,0.5065527599402615
682,0.36859951675201413
683,0.39442175795444095
684,0.352685007294975
685,0.5446173666025974
686,0.3690459264937221
687,0.4196307077558861
688,0.3302996998003491
689,0.34505703511018515
690,0.3145095006821428
691,0.3851529261751987
692,0.40102459344895247
693,0.449554942783833
694,0.4276723830003619
695,0.365902862310557
696,0.33203213024743655
697,0.30018517525506083
698,0.4420160268469734
699,0.37038966867504974
700,0.41468561087870853
701,0.5568944915592663
702,0.4440442151025298
703,0.321993221884779
704,0.39448275044383746
705,0.2884847292516203
706,0.5497895917930075
707,0.346985157291287
708,0.39327598299182076
709,0.6379058852185446
710,0.34748441471662306
711,0.3464609872116828
712,0.45479280647260883
713,0.39995945680138545
714,0.3894720975263961
715,0.5020701911189385
716,0.4169679919788258
717,0.2816190460758741
718,0.30248882442700864
719,0.3278237203959522
720,0.5322462491073148
721,0.44741156897270096
722,0.435476172129314
723,0.436832613456936
724,0.29451563859913477
725,0.2795351773941209
726,0.30905142024215665
727,0.2998504718125219
728,0.3196276848870631
729,0.44378336941493046
730,0.5215946780482345
731,0.4043934876971131
732,0.44891544233702074
733,0.2942656425329877
734,0.3626776347478686
735,0.34870729592059835
736,0.41237768414362974
737,0.31853130388808426
738,0.41868507311145364
739,0.6748876126491496
740,0.4543346265965275
741,0.29566923264836303
742,0.3469695856964556
743,0.3542239845324797
744,0.353708438405926
745,0.33901809385314574
746,0.25463747493163763
747,0.47513326912812337
748,0.3817905115535619
749,0.30599960229394946
750,0.33754894072153957
751,0.2534573859194077
752,0.3459211665337821
753,0.30754960968977313
754,0.32818439646808173
755,0.35495547222167795
756,0.28546412330937
757,0.47835695657095306
758,0.3582065321335397
759,0.3111537652057023
760,0.3816223542351871
761,0.29987703866325427
762,0.30924158185042
763,0.457951071431846
764,0.5619698783608281
765,0.34034916819639
766,0.3379913733210761
767,0.4822293014177992
768,0.34842585513379043
769,0.3421418886322585
770,0.30226233866561253
771,0.378294563443281
772,0.25813261738324067
773,0.3763977460503486
774,0.3643531574879587
775,0.4491167370975962
776,0.4375728077042069
777,0.29490405928297786
778,0.510917805095204
779,0.4590666764403408
780,0.3778032224128239
781,0.30743290359941494
782,0.366474306026973
783,0.4035915792621675
784,0.2781382022849631
785,0.46350961650156375
786,0.3153317533117967
787,0.3742467530951925
788,0.5627206586068256
789,0.3193322709519191
790,0.38058234993295315
791,0.35931892312177016
792,0.36610029571331126
793,0.4526111081278268
794,0.4074369542933249
795,0.44351077031598013
796,0.48283344452368687
797,0.3546804450478321
798,0.3232516105728042
799,0.4990980997276789
800,0.4544216156243919
801,0.31760744521545653
802,0.6129180397638311
803,0.3948947798460521
804,0.36178218394956596
805,0.6254145207544369
806,0.29281695679700703
807,0.606877356128577
808,0.47371887172035887
809,0.4189452538850556
810,0.4416777379774095
811,0.404858881740599
812,0.29622483148133005
813,0.4790941108790537
814,0.433529420883962
815,0.3231640985638347
816,0.33032784243836266
817,0.5388270398385095
818,0.4282767462554182
819,0.4962210147248338
820,0.4787907128281922
821,0.53194017852843
822,0.4534058081477724
823,0.2723130894877986
824,0.36308240614207354
825,0.5654221440556494
826,0.5206873099473927
827,0.44925605659143064
828,0.3162099688883747
829,0.30685094471156316
830,0.39217840927155273
831,0.38209274975889446
832,0.3860146830502022
833,0.340706547805026
834,0.3818510045602088
835,0.30775454164695204
836,0.4285224991661058
837,0.5580447580819351
838,0.5191518209858452
839,0.3584020333706867
840,0.40464981279983686
841,0.45740362252392236
842,0.3443986534484738
843,0.393782458264615
844,0.37928009150519565
845,0.2712171040156549
846,0.49238875900889695
847,0.4000189510383418
848,0.30090096783357695
849,0.46884679522103745
850,0.49255595630982346
851,0.29515193422465663
852,0.4410480327626878
853,0.40552288998759156
854,0.3762930377683621
855,0.287406167379029
856,0.49323683390808765
857,0.505959027532218
858,0.3770444163824992
859,0.34616175819493983
860,0.3214474661416098
861,0.36776243959436866
862,0.3836735107811791
863,0.39138399341071356
864,0.36347479582816195
865,0.4023246499978469
866,0.532870389337311
867,0.4668454343873397
868,0.5540324099855767
869,0.3271109217395567
870,0.32671537915439136
871,0.35432920845352256
872,0.36697462446338996
873,0.30166558558058065
874,0.2876796367135536
875,0.3351952151295037
876,0.494452985395442
877,0.3961415704599769
878,0.333336794342794
879,0.3474432382903485
880,0.5317548401059288
881,0.3355530396384509
882,0.45408617684453995
883,0.40479580018168787
884,0.44774501443029785
885,0.5288686182754809
886,0.28376573118914294
887,0.463482203400318
888,0.3203829878721562
889,0.31173428021123134
890,0.4262914070619894
891,0.41899537238491225
892,0.513625701333075
893,0.31234788085143045
894,0.28127892111338276
895,0.4461030667602269
896,0.39819273892461476
897,0.4686661759301848
898,0.32136503736380373
899,0.5242421164711841
900,0.4453783359584511
901,0.5064598845319338
902,0.3213619330224964
903,0.3002719448281004
904,0.35906586594135403
905,0.3266684812381293
906,0.27353739234949126
907,0.5013878142112266
908,0.2986458886450633
909,0.3658151591901742
910,0.3609232620869367
911,0.3244464320278381
912,0.3686544120324398
913,0.4359673305258782
914,0.3502228353473533
915,0.4700020724594604
916,0.333926405023819
917,0.3343675719834436
918,0.43383590518044746
919,0.3324433537071713
920,0.4778039776460259
921,0.48973043301752156
922,0.34663842923754806
923,0.32499364294801003
924,0.41630471417258386
925,0.4476543767038488
926,0.4224420663034609
927,0.5110582023554353
928,0.348885354555699
929,0.3407442053781505
930,0.30771169481908156
931,0.4503874217110056
932,0.5803009510435618
933,0.4116460239922534
934,0.38196289531554983
935,0.456239438371339
936,0.27072856682045
937,0.38102024884345154
938,0.3999853071881017
939,0.3012722457650133
940,0.4107939164357063
941,0.5531650415785013
942,0.274615722228552
943,0.563183129582464
944,0.47460399558686034
945,0.37263966879383664
946,0.2834889417293207
947,0.412015900549123
948,0.35463943877296994
949,0.27425395339308417
950,0.36742580145441994
951,0.38466590464390493
952,0.4285843907301849
953,0.4585105523029744
954,0.2891710974839828
955,0.40869128124010445
956,0.48274959085840563
957,0.2970942587141973
958,0.3287725700887106
959,0.4156422034083227
960,0.4181599049743056
961,0.3290770055917247
962,0.3354224454200334
963,0.4545523091534818
964,0.3745943251654169
965,0.39267439134807014
966,0.301179043869386
967,0.30315728027220396
968,0.43236795477211953
969,0.3190361101540507
970,0.4339552495638035
971,0.2601292233246565
972,0.38988467121522874
973,0.32455012589895954
974,0.2686129431703405
975,0.3409909655277163
976,0.4006530206345997
977,0.36233316209734834
978,0.44493624316715646
979,0.3424826164524457
980,0.3056989556659404
981,0.30271529771596983
982,0.25987437169467764
983,0.4809595760952068
984,0.4233712172126307
985,0.3223248922649536
986,0.3044356511948633
987,0.34859316746236085
988,0.36594988815592194
989,0.3169568433175687
990,0.4279134537187852
991,0.41488034168290616
992,0.4584682899356942
993,0.3994626686242452
994,0.40973990120626186
995,0.412704862692015
996,0.5071481110178914
997,0.3027294770195192
998,0.3078908640122181
999,0.4383753800012009
1000,0.2961936735709504
