run,Average
1,0.6167764859836291
2,0.3251170784304976
3,0.3363740778765088
4,0.2501125624928863
5,0.2951366077949272
6,0.26579675710413386
7,0.35433790523663256
8,0.31463350659902256
9,0.3740524126562858
10,0.3470457081138537
11,0.27516770467069934
12,0.29423071345389545
13,0.39229446345019797
14,0.2693079701119618
15,0.40437098584581055
16,0.30686347963180727
17,0.2635562953492489
18,0.4361887367955624
19,0.4146207814372288
20,0.37921220694409186
21,0.4042721967478227
22,0.31285971118704736
23,0.2838634664122807
24,0.4318444265533128
25,0.396407554388417
26,0.36168178336164253
27,0.25630326627355343
28,0.2909108171797569
29,0.4759350136834791
30,0.341575559290248
31,0.359590066860557
32,0.32558411474443
33,0.37680313357890277
34,0.3693651753602115
35,0.4039909013781594
36,0.4381129771372936
37,0.2589969661117239
38,0.40852758211523127
39,0.37833798239387134
40,0.32385350008789116
41,0.30346246219492473
42,0.2349821228822916
43,0.3018025516994712
44,0.4061164195496447
45,0.3844195993456103
46,0.36079817921451646
47,0.2582219365147277
48,0.32144711098129547
49,0.49001249472679137
50,0.29034472866459654
51,0.29945282700423204
52,0.36466768766775565
53,0.45363594766564547
54,0.29373353976752414
55,0.2714537722268168
56,0.561377437045897
57,0.3819077540031714
58,0.30253008573674034
59,0.29781434705488113
60,0.2938585453556263
61,0.3699933081781197
62,0.39352988956515067
63,0.3416301660657627
64,0.4417242002670885
65,0.40667960609342424
66,0.3012264127122712
67,0.33252348161312995
68,0.3274822143903157
69,0.2963727686341178
70,0.49677992256437625
71,0.41584499165205857
72,0.3915452351344985
73,0.35466735199951893
74,0.42067826908307454
75,0.3249462776871585
76,0.40732968084475435
77,0.27118517756528215
78,0.4173455797906572
79,0.3298702463772018
80,0.23087412284654768
81,0.32692701334031754
82,0.5514650612511657
83,0.29883133584001453
84,0.3299690796321788
85,0.29160547414601184
86,0.3245772150091001
87,0.2891408761081121
88,0.23491787048602814
89,0.3704354242578262
90,0.5118077398712514
91,0.4420004408934391
92,0.42358983424694835
93,0.34128826195841766
94,0.4530766618833681
95,0.3374894516743524
96,0.3189842730830187
97,0.2680627798999808
98,0.4121702369250919
99,0.3367361013039491
100,0.3019937983007707
101,0.44822132755058985
102,0.3555440494277755
103,0.3124070342280668
104,0.3817145426890203
105,0.39897798208440177
106,0.3908415921754924
107,0.3986785743714113
108,0.26942461636743276
109,0.35880954718060876
110,0.33077779209389463
111,0.540699737018182
112,0.377963751751642
113,0.30888495737314287
114,0.33590992876175124
115,0.3055667931908436
116,0.32208546732637083
117,0.2774550816131519
118,0.2995638154393436
119,0.29142205191704357
120,0.3595408555357959
121,0.3965476862749029
122,0.3082852622587884
123,0.2992734561065768
124,0.3366150878233281
125,0.5245367579251854
126,0.42105901955746394
127,0.3303485707882709
128,0.2425995043636796
129,0.3899692620975889
130,0.480882836218238
131,0.5185874851609694
132,0.2757102205927625
133,0.285684861003754
134,0.4526753996076383
135,0.23250164025954742
136,0.290745862932122
137,0.34910623076737984
138,0.3313972803514139
139,0.27204535172920885
140,0.3761753196641663
141,0.2241914937546848
142,0.3400981940600734
143,0.42998215320026784
144,0.3292940719780459
145,0.29013873148409486
146,0.2956270328263761
147,0.3392208291576373
148,0.2978052901293571
149,0.3235865245998365
150,0.341664143709469
151,0.45808771746594656
152,0.433706918481941
153,0.30060799024149937
154,0.3405862101038891
155,0.3502557514157389
156,0.23630308091747498
157,0.3743946850680473
158,0.36400828683832864
159,0.30300977693288395
160,0.30943304202564104
161,0.6121144229542164
162,0.30311158954913686
163,0.3584278614998393
164,0.2505331128176142
165,0.3042456695685707
166,0.2915053387317797
167,0.2867392025088164
168,0.3623073490546333
169,0.39839304617153304
170,0.4419238247166803
171,0.5149043201872657
172,0.32032280571853755
173,0.2701833657278253
174,0.5766981087610518
175,0.28980860742248127
176,0.387772880343254
177,0.2726202373328553
178,0.33591539001199894
179,0.26721865110102966
180,0.2604909000288215
181,0.31522299049217056
182,0.2710782725577372
183,0.3045196249445588
184,0.34834419246946585
185,0.3549406012908323
186,0.24327818402065637
187,0.30788411145246064
188,0.5160244948862847
189,0.31389587944069075
190,0.28363060436646803
191,0.256937180876253
192,0.34239049549728967
193,0.3212292856197838
194,0.24017999486639838
195,0.2506202576574484
196,0.3631504070834905
197,0.4229562987400244
198,0.3123012339066219
199,0.5374632477130633
200,0.2979125233271795
201,0.4892380061308229
202,0.2602294148963267
203,0.5515620851952275
204,0.4558615298216306
205,0.466493555692578
206,0.2156799886936576
207,0.36506974162209
208,0.34711973290921
209,0.3305587842576425
210,0.472720975432753
211,0.3442877665306214
212,0.43286596847927944
213,0.6351481856791567
214,0.39857336505162294
215,0.35708025539252547
216,0.4704907548232485
217,0.2645491590651844
218,0.5031045154107652
219,0.4435028428979845
220,0.3339604585460893
221,0.3701256405480189
222,0.3295514571485687
223,0.35414389918460737
224,0.34347135856459055
225,0.3847566546027865
226,0.2777038083488846
227,0.43556705227421483
228,0.39585058342741286
229,0.27812551529332963
230,0.4059233760514814
231,0.23183370450417864
232,0.3649792335364625
233,0.32542715483634044
234,0.48471183160971276
235,0.3143607463916893
236,0.434907948298223
237,0.42713702515613056
238,0.36841716982932343
239,0.3928905650715948
240,0.34300343933906197
241,0.3445219571402428
242,0.3108683837054968
243,0.3667928416681151
244,0.37929050637382666
245,0.29911446408786
246,0.30058378864241464
247,0.31895191421635044
248,0.3984594360066042
249,0.3700682792572975
250,0.3399085146053354
251,0.3699106904564358
252,0.3149465293946174
253,0.23487382034795884
254,0.2748200271936564
255,0.36731325497207645
256,0.2525773136033383
257,0.3254588698911659
258,0.3478989348630452
259,0.48886926839399675
260,0.3144491609812084
261,0.23537578887670416
262,0.3808730770487428
263,0.6492669133214092
264,0.3941452142283323
265,0.24922467127795936
266,0.4118574163509719
267,0.4036497592579575
268,0.33431721992313274
269,0.4925464571370372
270,0.26003067551349923
271,0.3449096700480548
272,0.2705726601432883
273,0.3071819707744662
274,0.3607439240587263
275,0.3837864473216862
276,0.4230872017037043
277,0.6102104474235247
278,0.4203329494220141
279,0.5054290883850061
280,0.38757048699006347
281,0.28715409100280326
282,0.3549697402829961
283,0.3779860650943443
284,0.2737554154966561
285,0.23599329555366086
286,0.27840628794378974
287,0.2950443582766722
288,0.255803097942147
289,0.31442884909865254
290,0.3689358407623555
291,0.3689781670405758
292,0.373669274837099
293,0.28573109267591773
294,0.30165429230817953
295,0.470764418690153
296,0.29604077989162664
297,0.3156028667571526
298,0.4276525147407205
299,0.29125627261550685
300,0.36668907095527087
301,0.3495763193113694
302,0.2987963885485787
303,0.42256532560017035
304,0.24431228880930012
305,0.36945038694957616
306,0.3148992033486161
307,0.2666072640818813
308,0.31803469072714935
309,0.5703388312465172
310,0.25585510844605197
311,0.28754615003785305
312,0.29757526514214244
313,0.4685391117317287
314,0.4116534360908086
315,0.3109306317619726
316,0.44874465890235066
317,0.5220412545812516
318,0.299209901704077
319,0.28092002728320853
320,0.3550140284752584
321,0.33022231125237556
322,0.36623608938507485
323,0.3997108783214277
324,0.33427782197133404
325,0.24726146567060392
326,0.3442395399575698
327,0.27830058040947214
328,0.2860114506794125
329,0.34134434564695
330,0.5608510298765061
331,0.4531932034768541
332,0.39302586095657754
333,0.3592781988744239
334,0.37481378978544266
335,0.3102198253651449
336,0.5172778202160105
337,0.25425376925429227
338,0.4163754798053921
339,0.3469578406091532
340,0.3205075684504984
341,0.4195072607879384
342,0.32954520921262676
343,0.46169488814114534
344,0.3501531370098566
345,0.49347987840412005
346,0.520819687707351
347,0.32412188876099524
348,0.24935917536901853
349,0.36853707867971064
350,0.502766445840337
351,0.2346110154638901
352,0.2943858221122749
353,0.27767097338190466
354,0.4650598522864324
355,0.2583331057431892
356,0.3516435858554411
357,0.26952278006268404
358,0.5521291770547663
359,0.2628487434699057
360,0.2537274571617193
361,0.2358472287120317
362,0.29489305281225775
363,0.32194383079144173
364,0.5345199086190686
365,0.3672888809232604
366,0.3219474419219143
367,0.4377557768117515
368,0.31098326889521893
369,0.49329943373825397
370,0.22999756327793328
371,0.301061241636501
372,0.3612776773460897
373,0.28480197020853
374,0.2988995089686762
375,0.33431664078659745
376,0.38751819281996736
377,0.2455621512791011
378,0.27996427228611126
379,0.26033200788180194
380,0.5044727871161527
381,0.3194221096161658
382,0.2978814330313765
383,0.5374514940537961
384,0.45215845004133676
385,0.2668498384990791
386,0.34293194093267115
387,0.3651117144172657
388,0.3497426118504511
389,0.42657799471231156
390,0.4216262353488247
391,0.3937608653148056
392,0.3056775414938765
393,0.4083279140770491
394,0.48773900078373195
395,0.27098950842524844
396,0.5846836055167258
397,0.34235103184862964
398,0.3004415574635287
399,0.3080836369568034
400,0.41445089631177234
401,0.32045820825594473
402,0.29771423445527756
403,0.274390816250226
404,0.3471894383446532
405,0.27081659442661993
406,0.25888151212269367
407,0.3707315887646508
408,0.427081773618434
409,0.30564938981001205
410,0.38509662685960727
411,0.5634762530636521
412,0.3686278069509795
413,0.4630387988199282
414,0.28021971806810153
415,0.31952081764275886
416,0.36838941540736275
417,0.35854633856805923
418,0.35519652702205906
419,0.2891056232032761
420,0.25641553732762457
421,0.38935935532626476
422,0.38830465562616945
423,0.3743246305344534
424,0.48171409310254737
425,0.41152297118480946
426,0.39890212072006537
427,0.3195391594862931
428,0.3135742588347366
429,0.3128046242739095
430,0.39785343494554304
431,0.3105444294722995
432,0.31342867467220376
433,0.5629501849451592
434,0.4247137043994849
435,0.3507061872636822
436,0.40840349593172565
437,0.3117988388056122
438,0.46497312426329657
439,0.35319983554531836
440,0.2925110231416029
441,0.24872139377262975
442,0.2594385671757496
443,0.4725003482337393
444,0.4907798109646525
445,0.2637869688780386
446,0.4395414250474669
447,0.29782170742849146
448,0.3517220854792973
449,0.2683845062316023
450,0.3188061928386042
451,0.33141435020312054
452,0.5004855355254177
453,0.3795719673294677
454,0.3232281362400084
455,0.4003969488940533
456,0.4034173156511859
457,0.27326284789413346
458,0.3039466874163699
459,0.39172223165108494
460,0.23668501299116138
461,0.3375204387182899
462,0.30758323331911186
463,0.5264177161319926
464,0.34388742347106627
465,0.32045440658253493
466,0.31277621349378143
467,0.34722544155781565
468,0.5675516954675397
469,0.3094843969759148
470,0.2752688784649983
471,0.3327254895413995
472,0.5214656326509337
473,0.505122040872922
474,0.35296314387247246
475,0.3319597725975964
476,0.2720497885686751
477,0.43653778804536286
478,0.27652821076128625
479,0.3981771526995094
480,0.3364094953114592
481,0.4457432381305998
482,0.2623693240953409
483,0.32376533701204524
484,0.3759056492218446
485,0.5271748972980641
486,0.4288658383243204
487,0.24714392688077957
488,0.2701278509564325
489,0.45257526505460616
490,0.3427884337953405
491,0.40451409745873396
492,0.3627790312224555
493,0.2864114980411183
494,0.3827470722806853
495,0.2820511999641115
496,0.37191671254068426
497,0.24450163836908798
498,0.47864207482208776
499,0.4210877200361886
500,0.2740774925162205
501,0.3489296461278734
502,0.38216203028922213
503,0.23773954036796816
504,0.40688925738339476
505,0.2600875981773438
506,0.24509137845434836
507,0.2716743021985655
508,0.4032360936855647
509,0.45725927306694
510,0.2803145014106563
511,0.2572219778156129
512,0.4179119094628978
513,0.30568458135852916
514,0.308205971568361
515,0.3274599464718039
516,0.3671663155541816
517,0.37159585414078977
518,0.3488298610097056
519,0.3767266341546064
520,0.35212116041129354
521,0.26021467110524693
522,0.3636781230103319
523,0.23724567737042448
524,0.41470298659532556
525,0.4057703668041097
526,0.48312954372553474
527,0.2920441770021643
528,0.32537985742939535
529,0.3440517863440306
530,0.27673788757756007
531,0.260967707940876
532,0.36543675891675503
533,0.43580223586284367
534,0.31040201815191393
535,0.28983512731014843
536,0.32681950277977273
537,0.2889873721186264
538,0.44151942577612363
539,0.300640132346367
540,0.28478158997106645
541,0.4767829370818573
542,0.29928322031774934
543,0.40865772638528497
544,0.4178074077071017
545,0.28304394981375874
546,0.38793841446894733
547,0.38487976372110305
548,0.2783943448832711
549,0.33338498996186655
550,0.4045048069534486
551,0.41932978088572
552,0.25961507499146513
553,0.24624734964895276
554,0.2907153801299829
555,0.3257466955930818
556,0.37733817876225756
557,0.4198256329515939
558,0.3233032555013385
559,0.28904439466359366
560,0.2792266105608503
561,0.4384593289478015
562,0.2953690809382432
563,0.2703781290405197
564,0.4163196474678178
565,0.3783476576319008
566,0.2527133007507373
567,0.34082049027305333
568,0.32255146164614124
569,0.3713792126128097
570,0.4593865135573873
571,0.4144403671801504
572,0.3499134360435191
573,0.42580973938334915
574,0.33164974255318774
575,0.42604329765426613
576,0.5604455253295472
577,0.31731619845149184
578,0.3466391653189041
579,0.3254830372990642
580,0.4574536073244233
581,0.45682931593795617
582,0.2760773274138489
583,0.3065959257196173
584,0.2736286826474017
585,0.5068364706318207
586,0.25630335127787696
587,0.2977287749075168
588,0.36520028631244916
589,0.42500721748366155
590,0.3154251018750536
591,0.34987067479458644
592,0.2881358460493272
593,0.2661913159777593
594,0.37475268609698803
595,0.4115190115273883
596,0.5985954038923335
597,0.28221552714998444
598,0.5892276263223063
599,0.31473033757267443
600,0.2739593319848649
601,0.3232853082976714
602,0.33758465018944706
603,0.36470109379627363
604,0.3261062897808976
605,0.34083445679239277
606,0.25344430750912017
607,0.27703865161131774
608,0.24099652585868325
609,0.28964532317257913
610,0.5098183946139896
611,0.29967010058850363
612,0.3628523840701198
613,0.4679750608355864
614,0.26783142706355134
615,0.31227386857812833
616,0.4642234564058618
617,0.23581872171109086
618,0.27420844451163834
619,0.45995458769399594
620,0.2617923925776824
621,0.2800428671358599
622,0.2565338073968089
623,0.3131911567553591
624,0.4141532299565052
625,0.2515068852267485
626,0.44840669234408337
627,0.6886099758694
628,0.30299496452654956
629,0.282895336284107
630,0.38090944174089797
631,0.35895032303993657
632,0.4359326012057004
633,0.28600242891539307
634,0.41654346234583606
635,0.30764114482439736
636,0.34884379038842384
637,0.2764028150814626
638,0.2917927204407286
639,0.37552751853039884
640,0.28765574225284596
641,0.25241645569318355
642,0.38367525808745157
643,0.3335556268958126
644,0.33988548752625414
645,0.3530805517540842
646,0.25273373092838136
647,0.38925980131818333
648,0.31031588697945756
649,0.22754899995660316
650,0.35410940932474894
651,0.5456761090696826
652,0.32790069504715424
653,0.382538840103658
654,0.3104191751895131
655,0.29150211333374426
656,0.39143936186973666
657,0.3226777081372989
658,0.3026272189412056
659,0.35696371520468495
660,0.3737946101052678
661,0.255179614408171
662,0.2591389259177832
663,0.3435760652655714
664,0.29329396690036824
665,0.3387671604409774
666,0.3722741453629622
667,0.40823303785422244
668,0.3931904493400421
669,0.3626337629969237
670,0.2672571939034201
671,0.29600622781650265
672,0.40368943525705797
673,0.5007864897135733
674,0.4293066982296962
675,0.2872006396131094
676,0.22561101703433
677,0.2600595160645231
678,0.4079176317526858
679,0.3941848494690208
680,0.24228194873792075
681,0.2577218750856547
682,0.3673242791260503
683,0.32770317301816665
684,0.28144221179740186
685,0.40025924019721926
686,0.4239714496728001
687,0.3390702807622354
688,0.3541074841472358
689,0.3496497344132039
690,0.3321377210285993
691,0.39897347755124973
692,0.40763887240681185
693,0.35302184947980403
694,0.25930502076755035
695,0.2796123734472595
696,0.319896296904872
697,0.5595211416940356
698,0.26408217315829796
699,0.4722981291006408
700,0.5712032987669621
701,0.4484954414377358
702,0.4368604218369596
703,0.36120819384926567
704,0.2730434841622675
705,0.3583732681194878
706,0.326554786608906
707,0.29185181850548075
708,0.49515415871036494
709,0.5691086105731079
710,0.2861671286136201
711,0.24653180280300555
712,0.4303335783682143
713,0.311713097517524
714,0.3478949897431199
715,0.37123305837512505
716,0.3509649864297877
717,0.2651954745567655
718,0.3986341932274388
719,0.3493697716970955
720,0.31160905782416304
721,0.305017089073792
722,0.2516221280931239
723,0.28054856185493726
724,0.37731912944683693
725,0.3485508513815128
726,0.3057531231319844
727,0.45935836462204405
728,0.46584355584295467
729,0.6091923180035356
730,0.3046427767726194
731,0.3965027108771469
732,0.288489594601769
733,0.3416984517105761
734,0.34834958678191535
735,0.3900779226785968
736,0.42564148839206783
737,0.42705555480649887
738,0.28854907624596104
739,0.28223976495468545
740,0.3466087463050645
741,0.34161764729876354
742,0.32836950452638575
743,0.26589432170501
744,0.41107511654806717
745,0.5058166218744504
746,0.36499817611637697
747,0.4270804078141253
748,0.3465046182713978
749,0.3556809716333865
750,0.2912935151774927
751,0.4153048339985392
752,0.33759935121591467
753,0.25720608487286356
754,0.25032972354001143
755,0.3540611262702936
756,0.30239682071148
757,0.31562889634580205
758,0.36058572768161445
759,0.3595064712076969
760,0.36184403312400315
761,0.5205738462712304
762,0.5775299354028962
763,0.32924199130672666
764,0.3186697755785741
765,0.298017657856439
766,0.3755403229202032
767,0.2786396077602668
768,0.4091744866601079
769,0.48698783442365906
770,0.28514497500857683
771,0.2569534213693052
772,0.4290757901496792
773,0.4132193942052803
774,0.40354492492264077
775,0.31364512584272575
776,0.4046669287849079
777,0.26987942965810197
778,0.2579779755378891
779,0.39404158946974527
780,0.3107474222118829
781,0.33653888070493015
782,0.8145334554807525
783,0.40768006382940797
784,0.3689458118655245
785,0.27422934791180315
786,0.35244705402625703
787,0.387076724386381
788,0.31174472392053715
789,0.3998084181132277
790,0.39862457097982673
791,0.40764022752248397
792,0.4112185242226884
793,0.36373394723125096
794,0.3758940052761812
795,0.22717631497597102
796,0.3459528115126173
797,0.23578334387423502
798,0.5255510073450502
799,0.2925134786594449
800,0.28147150114633296
801,0.27036829128396045
802,0.38553926060393306
803,0.3336122744913862
804,0.3930989666277954
805,0.5343759215494026
806,0.4737938455397096
807,0.3071301045203723
808,0.3277109603260833
809,0.3050471460409581
810,0.32263260026831886
811,0.31304201978268503
812,0.4341742245466636
813,0.37935746610862375
814,0.38467133181384255
815,0.4169369088552578
816,0.4197429293460595
817,0.3909306592261497
818,0.5046339145212254
819,0.4113827219366405
820,0.6222645328871335
821,0.2847894671702709
822,0.44493919379982744
823,0.24252329536913422
824,0.24777854679414224
825,0.3006505625964634
826,0.245898815227562
827,0.2755449611279321
828,0.24446865895275682
829,0.270659625659828
830,0.5452651988060174
831,0.42818674690698993
832,0.35276705437153427
833,0.2787414656145416
834,0.45873561679439223
835,0.26839140800032046
836,0.2552127353620081
837,0.2899302354518206
838,0.6003528173615332
839,0.41712381733031834
840,0.3967060658229762
841,0.41872087139953273
842,0.4064999322788465
843,0.32913069842867143
844,0.2600475869911983
845,0.31008658857843285
846,0.5782765282278156
847,0.2398324703815363
848,0.382646621682413
849,0.29226323582380487
850,0.2706179514826816
851,0.3214108903613606
852,0.3244570552490052
853,0.38536496849770546
854,0.2915969584269678
855,0.39842041483672785
856,0.2719331349868611
857,0.3435043017425677
858,0.33602322892709374
859,0.4104311998002717
860,0.2922426384169351
861,0.3917369222513414
862,0.28220093083899017
863,0.437873258096703
864,0.2702724313272061
865,0.4436583940557879
866,0.42629302533342256
867,0.304109319375178
868,0.38621491015633663
869,0.4283865544979514
870,0.2678483136093385
871,0.2696617799084702
872,0.3281394777619816
873,0.2769370497049377
874,0.2910951792958677
875,0.2919190640579382
876,0.375446740519869
877,0.3806505652167535
878,0.43962101982249546
879,0.2586115420656859
880,0.3891700425300532
881,0.39800320202985723
882,0.29068945439661215
883,0.33183848538972327
884,0.3107388467999253
885,0.32750090205146287
886,0.4492396272246225
887,0.4708549637926577
888,0.4208572613165069
889,0.425160255467544
890,0.35763113676369823
891,0.40200570542193337
892,0.43746420344019793
893,0.383599558552755
894,0.5166394867078081
895,0.3202244342044348
896,0.28879683825644764
897,0.24180013908899325
898,0.3445833467008716
899,0.32790236600160627
900,0.33453380396117666
901,0.3006583067741894
902,0.3602678808253138
903,0.26108492121297355
904,0.37387827394522866
905,0.3163016208361932
906,0.4962967482286348
907,0.5420241545659703
908,0.3002352454128046
909,0.36723233472084144
910,0.30828829234606936
911,0.32283854735078876
912,0.3803998724801242
913,0.38822104370431265
914,0.4227898439922442
915,0.28358003595965975
916,0.24222216929101859
917,0.40782201411972946
918,0.29057426033900435
919,0.342673854187619
920,0.35569458554587774
921,0.324859960705404
922,0.24838870160894685
923,0.42909402773604777
924,0.5411170642749357
925,0.32184901454428133
926,0.47770796763977325
927,0.3295490016704957
928,0.25290283194150914
929,0.5275880668849077
930,0.27889410217039295
931,0.3227932907875163
932,0.3159013517581095
933,0.37365059151110747
934,0.28613219411585544
935,0.3199693583950051
936,0.36409372014077995
937,0.2724727660015127
938,0.2649694963779821
939,0.37935713787840547
940,0.29013146226274467
941,0.31791528916176376
942,0.24829415596686227
943,0.3694616970118037
944,0.25265778002362305
945,0.2603711406880587
946,0.4729235443137829
947,0.33737517619494617
948,0.3621702697721264
949,0.3221273695223909
950,0.36799671460543687
951,0.42713458033169394
952,0.34756011275244586
953,0.45183852474272446
954,0.23965388057054418
955,0.2867174820529667
956,0.3315999218976256
957,0.47520185093391587
958,0.3954848544896185
959,0.3040003963456668
960,0.22075740848998415
961,0.4267111987609693
962,0.28269571319779435
963,0.5063257143482676
964,0.28863916971401915
965,0.27218127807600956
966,0.4224573824195168
967,0.3279116236906372
968,0.42626405951120555
969,0.4161396338377552
970,0.27233804453990457
971,0.4912968199886601
972,0.27275493994107053
973,0.27872882408832705
974,0.39978115110430773
975,0.2399637194175936
976,0.23549185435509087
977,0.3655655078101615
978,0.2803638525247338
979,0.4331115109147531
980,0.3199142021526558
981,0.5040492965969363
982,0.6330865699783507
983,0.25786393762266824
984,0.3355458838169103
985,0.41807551332975645
986,0.38423319541480805
987,0.3274742298821607
988,0.2281627680372855
989,0.2417970676149699
990,0.31298438417576707
991,0.5196629078547915
992,0.412635181936824
993,0.5400006174450631
994,0.3079853746911891
995,0.28007664367292534
996,0.5032445633683738
997,0.3138267322895583
998,0.3224980422699459
999,0.3586838033947276
1000,0.3381005473970931
