run,Average
1,0.39237994867529863
2,0.446118091827525
3,0.2967889757508261
4,0.6929572950834905
5,0.4317136307580396
6,0.42976988629845836
7,0.31430056036437237
8,0.43362292176694556
9,0.4745241782423143
10,0.4128391640097546
11,0.5260767265147082
12,0.38281989023796537
13,0.31591909329080137
14,0.3488402710815909
15,0.48004138871033847
16,0.47479355981887705
17,0.3169908056987836
18,0.36065236100862824
19,0.45958527259411724
20,0.3466598428717786
21,0.30407963014600636
22,0.34682019513474227
23,0.47540259251344225
24,0.34262624667108854
25,0.347582692895214
26,0.39972409349078647
27,0.2764865753330393
28,0.3714145316524777
29,0.4539228536951793
30,0.46566914875264787
31,0.4956593702711271
32,0.3645871558844141
33,0.40596783224224364
34,0.3530455029044402
35,0.38415462790601224
36,0.389554530262991
37,0.4012097429081666
38,0.2852906143784589
39,0.3403394962725609
40,0.3443772644661774
41,0.2953532966690885
42,0.3473515503951037
43,0.30277858880118425
44,0.3139313130671306
45,0.3305016147875968
46,0.4588313423570594
47,0.37557665685118596
48,0.35211897840189876
49,0.47961007066925143
50,0.3739636186541979
51,0.32241984552108927
52,0.318793456238564
53,0.322038381711369
54,0.34232930149055085
55,0.3820364381531335
56,0.4103722922639586
57,0.4033419656449096
58,0.3366992509793277
59,0.31837491948875457
60,0.24878739930278934
61,0.357460120056211
62,0.5671633735778726
63,0.3145451229124328
64,0.6759401365772446
65,0.4209045872430949
66,0.40212392451941464
67,0.5295458043517274
68,0.40774380818874134
69,0.5265076613618509
70,0.27859746563977456
71,0.26892844187617776
72,0.32207504593327313
73,0.39508278484636694
74,0.4865685220528594
75,0.4910887123803756
76,0.3936568135507506
77,0.43274680302749846
78,0.3309769060378924
79,0.3434016623841802
80,0.4372792501406629
81,0.40505389728588076
82,0.3815692069134757
83,0.3772242839551022
84,0.4880016598013003
85,0.34493471194428804
86,0.37373348224895486
87,0.490976994833758
88,0.3758808100837794
89,0.35557490624125254
90,0.3110835312080703
91,0.4425747614235768
92,0.48120076168484704
93,0.38244832520494937
94,0.44774617447091114
95,0.38564965671678497
96,0.4098770895367488
97,0.3322526470288745
98,0.4318546624503234
99,0.4069717049192042
100,0.27347275566873713
101,0.5943508022763837
102,0.7139276980228568
103,0.37607697933405476
104,0.43616700563015964
105,0.384587858588981
106,0.538788745782075
107,0.2986305659254171
108,0.2951549125205431
109,0.39065653526634075
110,0.30885626252747045
111,0.35050567055044823
112,0.4663933781667107
113,0.36416289846587324
114,0.30632546057488447
115,0.3673792375362311
116,0.4145564882400851
117,0.39869311924753187
118,0.3576899991254749
119,0.3234354054104971
120,0.44676573541297615
121,0.32045874285047915
122,0.2925006384115908
123,0.4413716248992609
124,0.345686422427432
125,0.37314085297908256
126,0.38123283412825587
127,0.45509915347455865
128,0.38427425704355617
129,0.3406515161144497
130,0.4064253800734099
131,0.49226556332220167
132,0.41945513400593626
133,0.41405680911841436
134,0.33247371356974875
135,0.47240255161179706
136,0.4411930592987699
137,0.3172135640416089
138,0.2997680718075726
139,0.3823095977131385
140,0.3384453367844261
141,0.3099776272632374
142,0.4164801858933493
143,0.488242020664024
144,0.34312021330517994
145,0.4162014710887451
146,0.38606683695166344
147,0.35139471137208816
148,0.3749654043643834
149,0.35472735636253866
150,0.3782662360183635
151,0.3510288652826922
152,0.3375360756097676
153,0.4131511879366996
154,0.37787365104521364
155,0.43795889079331385
156,0.3325986190266801
157,0.36680668244722364
158,0.5765443523187834
159,0.32804574618339283
160,0.31557836273814077
161,0.3037589384788307
162,0.39115778047521965
163,0.36661818514104766
164,0.3787039064545406
165,0.5171776316516333
166,0.464302759655506
167,0.3195390266452277
168,0.2963574076917401
169,0.2872433622290136
170,0.29531914978405654
171,0.26951946296491
172,0.38695603577242477
173,0.3986062578244389
174,0.3761680466391618
175,0.3410427212013337
176,0.2906024516791202
177,0.3077502756691382
178,0.33872527585539575
179,0.3119665637293623
180,0.2822331602095737
181,0.3234262123524498
182,0.4453342890979346
183,0.39902698515195906
184,0.31672944409338427
185,0.46788500692655416
186,0.41804886816357506
187,0.415810850277225
188,0.42209621451469503
189,0.44529922446473447
190,0.403118940673764
191,0.42284356926118033
192,0.293821629920114
193,0.3131789342976628
194,0.2549768053068362
195,0.331172585989827
196,0.36541904382605256
197,0.4018565236295525
198,0.39952766197425
199,0.463244282607509
200,0.3425497240594876
201,0.35365825703220943
202,0.2845390512204315
203,0.5085087724623469
204,0.41565821076181964
205,0.42672341173513856
206,0.4332086320076395
207,0.42701554667519115
208,0.32416049746552017
209,0.3044488376243804
210,0.3089479556638014
211,0.3993364899127338
212,0.4005139122325082
213,0.3608339191823106
214,0.33461010403905284
215,0.3206795831034945
216,0.39513839773837195
217,0.30897586631383295
218,0.38808824280998405
219,0.3606335666523532
220,0.29883583348746673
221,0.2711204027204598
222,0.39731428632120447
223,0.3149752400090699
224,0.4003886325707404
225,0.3961353814656959
226,0.4960567994683349
227,0.29051497934149045
228,0.29233963840523913
229,0.4477579310689635
230,0.41936995679431677
231,0.38239228832041233
232,0.3859948890808353
233,0.41420705644221495
234,0.3328212036041655
235,0.5001624416992914
236,0.32688194676596294
237,0.3362367985096022
238,0.3530049821262474
239,0.42248241954657445
240,0.5066312353377597
241,0.3837594210238089
242,0.43696649098542545
243,0.3088978752563873
244,0.34537928089735526
245,0.33011242716631906
246,0.3555865494556821
247,0.4591609348950056
248,0.4014900961423838
249,0.30494932384435813
250,0.3368926251976418
251,0.3670473647203573
252,0.3667585407365565
253,0.33187898723595094
254,0.38788972192064913
255,0.4409439005022477
256,0.38572659411506033
257,0.371315456221586
258,0.3301828286730695
259,0.30698572456493334
260,0.39469501647866584
261,0.35383794258502665
262,0.5204244441193383
263,0.31821393592491876
264,0.47047184760152594
265,0.30465632522404823
266,0.35398613487432135
267,0.34447913396360036
268,0.297919589803305
269,0.4064412843734907
270,0.46605207566206563
271,0.31946671339644567
272,0.3680564092274255
273,0.3609512049094268
274,0.5073566657578519
275,0.40194671713989083
276,0.3130042680794315
277,0.3930136528633493
278,0.4755241988438367
279,0.2874147141358001
280,0.3217061504459385
281,0.41579087300290757
282,0.3548595981716186
283,0.30770681400186495
284,0.3493888869295779
285,0.38235420389154623
286,0.38303027955054647
287,0.3237912342218905
288,0.323105160863629
289,0.3611467033494253
290,0.3341205755709832
291,0.47630781375574993
292,0.3373885249050927
293,0.3998943492091068
294,0.5358149915732724
295,0.31204885218626954
296,0.36316487072726644
297,0.4962737074934354
298,0.2665235058784068
299,0.38978664665629764
300,0.2707783711150713
301,0.30042925942362897
302,0.5226507104134428
303,0.3164820944803642
304,0.37601859120986486
305,0.30810223974330914
306,0.3045524882581389
307,0.2908272931484134
308,0.4580486266726056
309,0.44980590072021726
310,0.4065289440552062
311,0.49512800786892924
312,0.3286353143958665
313,0.32524156608818333
314,0.4529666391406718
315,0.3379759203951891
316,0.3611409674322437
317,0.28069689804688813
318,0.3898058143966078
319,0.4825535681317752
320,0.36929453412467145
321,0.455485116152945
322,0.3743689892342029
323,0.35495619666011824
324,0.36632011437814244
325,0.4281867928248948
326,0.28534380596535663
327,0.4168310216798193
328,0.29598362414962165
329,0.2751324620236141
330,0.319963305819167
331,0.4928918540197682
332,0.4007315777856803
333,0.3808554734497587
334,0.3701348358424467
335,0.37272405583969825
336,0.3839224047762019
337,0.3175924298213842
338,0.37937503868395783
339,0.3601818714596484
340,0.3946207185783387
341,0.3284717079105274
342,0.37828500594608083
343,0.47262016427098363
344,0.3662397255497685
345,0.3427310896131007
346,0.4440315965139828
347,0.36669195907538504
348,0.5215635776833428
349,0.5016348947574237
350,0.4176843561853694
351,0.3837554248311716
352,0.31747614563290827
353,0.3487248285796703
354,0.3599946463018096
355,0.38544059680707615
356,0.3402751843590323
357,0.3938372137046025
358,0.4722255490869906
359,0.3146690035840281
360,0.5408526975159421
361,0.3877658131888422
362,0.37891302570900787
363,0.4637160720743198
364,0.2893644554537313
365,0.6446068353680601
366,0.4066969734077473
367,0.463248613888336
368,0.41119542951139276
369,0.5161815638534858
370,0.3949829004086812
371,0.28780961284791073
372,0.3696469000584408
373,0.3354632241592199
374,0.30721625384464385
375,0.3608751714186179
376,0.37871447171028333
377,0.46882802165940435
378,0.5395829875332002
379,0.523120948865453
380,0.3769011633169777
381,0.4770166830488716
382,0.351631443839546
383,0.38567192054265464
384,0.42043959375252427
385,0.35354075691675013
386,0.5141183183873089
387,0.3030160961564627
388,0.2901165237054375
389,0.48318500346055254
390,0.40463413576572005
391,0.35365226250553217
392,0.4638232945325923
393,0.45932943900737055
394,0.40782880426534984
395,0.31488524929342043
396,0.37791355198280646
397,0.3860660675213882
398,0.33113869061450657
399,0.36835980233770377
400,0.31566589049967403
401,0.42426824612079567
402,0.306091530695452
403,0.5343897561107296
404,0.35636676498466485
405,0.3812848089567149
406,0.2877642014052389
407,0.47094905414986027
408,0.359318068750724
409,0.3892604641264638
410,0.29264209537224256
411,0.3989035928514352
412,0.5259800939097077
413,0.4111383877430926
414,0.3844168726988633
415,0.47439701847591026
416,0.2934253504786384
417,0.406239381736155
418,0.40102436284613224
419,0.5328076149042579
420,0.4203982849070596
421,0.3794906638016405
422,0.35677791351536864
423,0.30440367168911564
424,0.2749580949774443
425,0.37414662278284283
426,0.5983011703170771
427,0.4044889942789482
428,0.5205564227441843
429,0.4211020379570938
430,0.6134724942953673
431,0.40416722780123226
432,0.3665748046852029
433,0.4245620338845656
434,0.34872945233113306
435,0.3198467746543311
436,0.30527902902907944
437,0.3375818758802276
438,0.2734434669761624
439,0.4794216376294905
440,0.3773470360157703
441,0.28775632496810427
442,0.37515991883560385
443,0.4338840337389885
444,0.39657386940463774
445,0.33289679437225805
446,0.30503134994715914
447,0.29087166280969756
448,0.34062452438962293
449,0.3552293339077197
450,0.3796292439063524
451,0.47179942403550434
452,0.27947661708470306
453,0.36317272563770486
454,0.39726489885770644
455,0.40762886225106
456,0.4524670240411847
457,0.39846154216870033
458,0.3171370682633691
459,0.35693510045849736
460,0.3352731432594922
461,0.40849068936542704
462,0.34499721340105854
463,0.3602990356055355
464,0.3550487571700294
465,0.24991509899425007
466,0.32179773321973343
467,0.2821486817990508
468,0.48342340219449453
469,0.43458446445781856
470,0.46136193753244115
471,0.30524866295328484
472,0.4958794505392287
473,0.3238559603190894
474,0.45890555215206946
475,0.36096456151259976
476,0.29138934022508967
477,0.44087409892970275
478,0.40922103440800434
479,0.32903341493490695
480,0.4251695701788954
481,0.26493339426127605
482,0.3973494693180691
483,0.5207994008205327
484,0.4727725028351848
485,0.41254812936530627
486,0.5106312347615767
487,0.2845445942126161
488,0.41732471030442164
489,0.3023570817891366
490,0.270480907072579
491,0.424156229440319
492,0.32170730724877533
493,0.3011789818310266
494,0.3645798765360459
495,0.6779390592235925
496,0.38666178328056694
497,0.48116569905881096
498,0.3990725103022939
499,0.31190509079062334
500,0.3874213741914561
501,0.45874882553241575
502,0.3984324490752657
503,0.27485942228319094
504,0.33494489921420006
505,0.3348205769524095
506,0.31085475523072315
507,0.33515063491733155
508,0.3783308762491722
509,0.35214711445463387
510,0.5623972213766342
511,0.5223917897066495
512,0.3395916187766089
513,0.3356841976597565
514,0.28506911636746063
515,0.3948174035819454
516,0.3628149285317804
517,0.41187606739422183
518,0.3528265366155845
519,0.41318756731599454
520,0.3671352825752362
521,0.3315625824366158
522,0.4246427558456284
523,0.37061418546719277
524,0.33565731301318236
525,0.2949513646281867
526,0.4137978284852408
527,0.3668643688276571
528,0.4250636316843254
529,0.42215972879369357
530,0.3989005161892758
531,0.290000233505716
532,0.2837300803811192
533,0.38710101504580147
534,0.3381586675544746
535,0.36880957437986844
536,0.32504904341086027
537,0.27436260496175663
538,0.35669340101635083
539,0.27142251814868135
540,0.35442178212980635
541,0.3737483759625388
542,0.33340846310898553
543,0.28341594612493254
544,0.3212301017971612
545,0.3174398491803362
546,0.4383018595871693
547,0.5294780478020655
548,0.3168664541300954
549,0.2984769547306452
550,0.4522503242055433
551,0.5012200623294225
552,0.4593483483856768
553,0.39946358756768624
554,0.40563412686836964
555,0.33257323589298776
556,0.33372856146211743
557,0.37995171167307784
558,0.5129890244668571
559,0.303267603799658
560,0.5645867333718879
561,0.3979554997721589
562,0.5323211903613121
563,0.2924578813948107
564,0.40072923515753595
565,0.4366452878624327
566,0.4075638534734075
567,0.4050193945737768
568,0.44492185275448426
569,0.43831615982969224
570,0.28187278354448764
571,0.3884816459084536
572,0.40228238974337366
573,0.3623209632002944
574,0.40654076261939887
575,0.41622853709229035
576,0.28347543003105297
577,0.4223440489432148
578,0.36894032616195505
579,0.41723979067759903
580,0.45759884762031716
581,0.300826382358003
582,0.529651062490219
583,0.4318975608367941
584,0.3048330843919003
585,0.2696015281577958
586,0.3776405189341672
587,0.35667197410718987
588,0.31503549278957654
589,0.30570045091971615
590,0.33773613081403353
591,0.443083519796967
592,0.37518524162697425
593,0.3399668098371236
594,0.4229352565586311
595,0.38941402367958255
596,0.36091860212093513
597,0.29874852247312117
598,0.27499149876923296
599,0.37516580365001756
600,0.4590245635326729
601,0.35596934547531844
602,0.4395134594464673
603,0.3188022804615263
604,0.3972067024460245
605,0.44019677311504113
606,0.3453672218734845
607,0.34419084209296524
608,0.3890869502228387
609,0.34356414224214804
610,0.40545114710359964
611,0.4811097446499231
612,0.39682429319662715
613,0.2557685842946917
614,0.39608331301833144
615,0.3387281334301623
616,0.340169529077089
617,0.42770759671404407
618,0.30255631095402974
619,0.3476140787595986
620,0.4794472818972992
621,0.4571409499108712
622,0.3074380429259456
623,0.3891141692107438
624,0.32148155918428356
625,0.46562632562986844
626,0.281112832422498
627,0.3852128583114043
628,0.34017166220359585
629,0.3039286490282796
630,0.31321630128467565
631,0.37367275403705597
632,0.46462691313164095
633,0.3725099415817517
634,0.4208105880118393
635,0.5086718326663238
636,0.36337399394578807
637,0.5458485578023385
638,0.39098620897126496
639,0.39683880231922425
640,0.2915822525255024
641,0.3988887688394316
642,0.30283387212639906
643,0.5587968159063752
644,0.4128560651045407
645,0.29593117336113367
646,0.43243822829356104
647,0.29240837778877476
648,0.2562823584431688
649,0.3262624487529075
650,0.3901330117255193
651,0.4516177163991091
652,0.325670734837103
653,0.45622302782206425
654,0.4428173799169725
655,0.2797903905206818
656,0.462054818857668
657,0.3627965824641945
658,0.3889920948680091
659,0.2675311845307166
660,0.39892127810836175
661,0.4335415032376111
662,0.44114456699229243
663,0.3165999900383844
664,0.29486599839865724
665,0.3385120582663041
666,0.3993123567969726
667,0.5885924957042619
668,0.4033021599188672
669,0.3079322808139685
670,0.4111881742450984
671,0.39965714826586235
672,0.4164987462377363
673,0.33848395556248567
674,0.41388224215419767
675,0.3891708407968314
676,0.3661255252270959
677,0.29094573475025287
678,0.36453678688917274
679,0.3930654127721655
680,0.32357568504867457
681,0.36888169959694
682,0.2953991715506493
683,0.27519047945971264
684,0.4085812114561438
685,0.3769830169975029
686,0.400923774663708
687,0.3776031209443663
688,0.4120181239097674
689,0.36043959714985363
690,0.39533544675417387
691,0.32904377110528443
692,0.3884681190202563
693,0.43288459441409477
694,0.5639617223693638
695,0.34905944567751374
696,0.4204477102543777
697,0.3912789335753595
698,0.3133430784679498
699,0.3663353196438915
700,0.3770903224722632
701,0.5435210311202777
702,0.43246910940006994
703,0.3295253573273788
704,0.4630130914823322
705,0.4222290205949181
706,0.5044558039540653
707,0.3301716248493975
708,0.4172704348065265
709,0.3197996260325364
710,0.40299191206959173
711,0.3902270577518963
712,0.458632997067474
713,0.4356005003218481
714,0.40583486350302994
715,0.4556299363888318
716,0.3768923079390603
717,0.40311119194193246
718,0.4029580632586633
719,0.39621278898997225
720,0.41922739952750404
721,0.36244042459834996
722,0.3141868760451479
723,0.5413629815203007
724,0.26111047420789374
725,0.3489731924462852
726,0.2817797525714745
727,0.3069467391338015
728,0.32605046631997747
729,0.5048233530300308
730,0.34404309633955005
731,0.3856274896431651
732,0.45071571910131636
733,0.34808037102345385
734,0.3481293583132929
735,0.41414654550224006
736,0.3469532086832612
737,0.2673548235270343
738,0.36341731076378303
739,0.4548114538644203
740,0.36326332326344557
741,0.3646744292334546
742,0.3421638127061572
743,0.4080261735723289
744,0.4738399457648406
745,0.37442284203593085
746,0.3669070024763365
747,0.39625558953871637
748,0.29676021963618626
749,0.5064299152066012
750,0.3240944721199123
751,0.4331436823918204
752,0.35087398761278016
753,0.3416860162450999
754,0.2912732590652009
755,0.40571857715580867
756,0.32423645167913884
757,0.3413102672152819
758,0.2884753054826804
759,0.3078831183555004
760,0.4713810738979819
761,0.3781614882977645
762,0.36221144593141924
763,0.5243456111263204
764,0.4537806100732583
765,0.32191886185824337
766,0.4658712522534051
767,0.2999718664573445
768,0.4384318555863805
769,0.36680905869351005
770,0.35066870738103095
771,0.28263346631710334
772,0.27963319033684464
773,0.4296633794389199
774,0.27480113429838854
775,0.314543635941102
776,0.33023790559270305
777,0.27489191775045463
778,0.42084756525649225
779,0.3627307452209111
780,0.37839929826988944
781,0.39736106636214774
782,0.30829689881036615
783,0.4423398273706144
784,0.3136190924631089
785,0.3270182495989529
786,0.32272087901210034
787,0.44550903253038454
788,0.6119070830357279
789,0.34537605771358065
790,0.3206474518614552
791,0.346357197955634
792,0.470521621865862
793,0.46522472105649243
794,0.3689018642286641
795,0.2747561698273311
796,0.46561933607936395
797,0.3188029853251734
798,0.32775986512715105
799,0.35688096213134124
800,0.39915312220998594
801,0.42972738040379266
802,0.34413639665466716
803,0.38402953161986947
804,0.31096527270126006
805,0.4092497675681489
806,0.313257264057796
807,0.3611398828003175
808,0.5151405643704391
809,0.3841591975211574
810,0.5381285334124701
811,0.3817058907587316
812,0.4716604966400222
813,0.2825738218887862
814,0.43733791755079804
815,0.48073903923866523
816,0.38715390736718275
817,0.5345958101727537
818,0.43388404958850096
819,0.38254301983148437
820,0.4902944834755353
821,0.31071861242390464
822,0.4091480217734667
823,0.3158559565910386
824,0.35702591937756945
825,0.5498461518209015
826,0.5856242261714476
827,0.4528624546301044
828,0.346412183900439
829,0.4304270904646749
830,0.33312287529320495
831,0.2938427478043226
832,0.46022376132484616
833,0.31699882389385975
834,0.35448667715539206
835,0.38499467860531533
836,0.2745503582784676
837,0.3791588103952972
838,0.34262303367309616
839,0.3303019571671436
840,0.35023480517108263
841,0.4334781848536223
842,0.3761443816150484
843,0.2907613860170254
844,0.3496628874765535
845,0.32924180731868347
846,0.3758350207194743
847,0.3731804837809188
848,0.3126121672301105
849,0.4776453789215852
850,0.4274868786005574
851,0.299646502845158
852,0.5002634590833482
853,0.3340966648555146
854,0.3514938621628145
855,0.3474359153487572
856,0.3177110259475163
857,0.5325356664309496
858,0.42123719248373537
859,0.3406434530795982
860,0.3044274926553883
861,0.41971499402573686
862,0.6011686395502769
863,0.3013440513816736
864,0.3047673182370106
865,0.2656768979699495
866,0.5466865467004532
867,0.47018933214180153
868,0.39900948106090595
869,0.2922513747919412
870,0.34764002417743756
871,0.5072492190468426
872,0.43664969997773934
873,0.40545617050248256
874,0.3255961453426998
875,0.29200025080295666
876,0.3787820798925952
877,0.3465895217373395
878,0.5809151740403122
879,0.4071743578119811
880,0.6267802163244215
881,0.28645313204794265
882,0.413524047345506
883,0.43884323200360525
884,0.40349198161716354
885,0.37666331023903743
886,0.4263884856944289
887,0.3891533689097333
888,0.31797400977982415
889,0.40604305827468923
890,0.28796840715570365
891,0.3446041121678766
892,0.43969952562689574
893,0.4671493666240065
894,0.4717853333904189
895,0.4111870778801767
896,0.3275812004569687
897,0.33754129100779356
898,0.3623974607010833
899,0.34771790258486734
900,0.3928291356475162
901,0.38498740322439434
902,0.3199043235448494
903,0.3896998000277518
904,0.3156210795457301
905,0.3928373070690069
906,0.3126818414670487
907,0.4213993795498253
908,0.34792018352947207
909,0.5116703039116506
910,0.32601857144043467
911,0.434629177606894
912,0.4754671248944596
913,0.29056533122788036
914,0.28612962516725293
915,0.3161868813362148
916,0.3120922467828383
917,0.36269201444185983
918,0.42766706435840496
919,0.27840770382385094
920,0.40943292558706884
921,0.4545435736796831
922,0.4050252699759967
923,0.4953468240912387
924,0.3307699096486144
925,0.3313516504768658
926,0.3813014910787334
927,0.3409180988765226
928,0.3730527475712171
929,0.3848228393006475
930,0.373623139235244
931,0.3514863326665868
932,0.39105414362575863
933,0.3552833601954473
934,0.435315268629335
935,0.5464448995216086
936,0.3161397295076152
937,0.47375472946841707
938,0.32751282241569707
939,0.48438038433370045
940,0.3277436185535063
941,0.5766705270579991
942,0.3110455144308563
943,0.32841183017225667
944,0.40654963920266857
945,0.301956997552077
946,0.34239881686847806
947,0.32246339922725265
948,0.5738572788910496
949,0.5100449593668281
950,0.2674150877616692
951,0.44276523265154355
952,0.41463824099591207
953,0.35841210737574125
954,0.3998353186653709
955,0.3832211606185413
956,0.2929940693198882
957,0.3953884852947323
958,0.4019410906161428
959,0.38817322624061745
960,0.5266263905570403
961,0.3715839239675066
962,0.38746998226124446
963,0.2674276315988501
964,0.3636318470677703
965,0.4966877883695269
966,0.3909896154456404
967,0.3288784294982125
968,0.28554551926277844
969,0.3211641496587143
970,0.4846963414123721
971,0.517696291394251
972,0.3599947105067404
973,0.31437888053089447
974,0.3039771714141967
975,0.49908501128728916
976,0.4623028267871461
977,0.34202967626743497
978,0.37475911992929745
979,0.2749352568573626
980,0.3154224272224007
981,0.37362146322534523
982,0.40062871937714145
983,0.3590211980623963
984,0.36731907917303924
985,0.3035943350279174
986,0.2518733099952239
987,0.35407757368551956
988,0.42811287456264085
989,0.5167957644823994
990,0.5038541503490941
991,0.3901044270414842
992,0.6027026143012811
993,0.3234887767434325
994,0.42540318898993656
995,0.29331090204964033
996,0.4347687080842088
997,0.33455206915798746
998,0.30971116588140046
999,0.3700712301572415
1000,0.41353799880641334
