run,Average
1,0.36667665285157014
2,0.3689588102680114
3,0.28560846082584235
4,0.30127499597635865
5,0.3224580250440304
6,0.2659972901309502
7,0.3337055062422452
8,0.33552932673781316
9,0.37797540898939547
10,0.5486300940036007
11,0.25644834633878727
12,0.5015489175453273
13,0.38144174939767705
14,0.3564408873356966
15,0.28346556183718585
16,0.3588454910780899
17,0.29175041390095774
18,0.3653100983588105
19,0.38039788539496366
20,0.44752113890807194
21,0.3376861760655049
22,0.42261560674958454
23,0.4864773906375842
24,0.3257869297626857
25,0.4004985152014436
26,0.27869689217194005
27,0.35851509389187813
28,0.34757687518649377
29,0.46820511885241667
30,0.33616548007603353
31,0.33962326049946434
32,0.34810364035027913
33,0.4028014126106935
34,0.3098531321646638
35,0.3226688532006148
36,0.29359726210272297
37,0.31417797630594785
38,0.3230208455756347
39,0.3565366785323727
40,0.5020080528252654
41,0.39955016069606625
42,0.431977386226339
43,0.40909187629027555
44,0.2552398882319644
45,0.3601790965971741
46,0.3034209363277926
47,0.2786716020655892
48,0.3465161525651548
49,0.5383174819718519
50,0.4047026420052126
51,0.38685644359378946
52,0.31532759905801144
53,0.3960167937269539
54,0.3551050796586531
55,0.38233947360370035
56,0.43267009641918897
57,0.2917555592884007
58,0.2750580185349243
59,0.3063938218889399
60,0.2865185013644562
61,0.5591153239706704
62,0.32953311789974815
63,0.31146870928988113
64,0.3631181947435064
65,0.39741307561472994
66,0.332282649353977
67,0.3928235341935027
68,0.3110285007348635
69,0.3351997589783511
70,0.41696500418966026
71,0.3517073950379988
72,0.5277399947767216
73,0.31337575746384133
74,0.48412620332548073
75,0.45583068289815143
76,0.3442152228064913
77,0.35494673966486656
78,0.4728466240167224
79,0.5354872001016096
80,0.33458600720517373
81,0.3662286773517175
82,0.4290968203473191
83,0.34619745275104863
84,0.46379876895181565
85,0.2723220967771345
86,0.35937244944241087
87,0.4135632431123757
88,0.22686970627662859
89,0.3517544562266705
90,0.4640873620926319
91,0.5128305977316306
92,0.4228406784602605
93,0.34357026830585286
94,0.3434340484428258
95,0.3340028873294558
96,0.43122103435319203
97,0.29258265989198434
98,0.4144045795983931
99,0.3701098960381149
100,0.3223581403295665
101,0.4792064924870542
102,0.40017097830534787
103,0.31389102551374026
104,0.4580292412192792
105,0.44285715895871325
106,0.3318773994740257
107,0.37325982038493966
108,0.3077977545747645
109,0.4274562265662037
110,0.2924762860936908
111,0.34631099294573525
112,0.40786792053318244
113,0.25282750706155754
114,0.2857218382893936
115,0.2678500042563418
116,0.44227996802753683
117,0.3009390648910924
118,0.32706389923542006
119,0.2763637034370288
120,0.40649344421954164
121,0.37031369744936593
122,0.26897388902603947
123,0.4057100769861684
124,0.3262614288564627
125,0.40605612287315185
126,0.42770630611992483
127,0.6308891367035995
128,0.2627095995555226
129,0.3247890075336778
130,0.31812571117953525
131,0.4094561450723767
132,0.5015639469154307
133,0.3505863980074271
134,0.5531519061318914
135,0.2661411092125618
136,0.31349108275374743
137,0.33485045384441164
138,0.35592335441873224
139,0.3017269880356088
140,0.339096269284209
141,0.3073012017413138
142,0.37974592113944006
143,0.4432779668079426
144,0.40878889914968164
145,0.2813982585017276
146,0.36052832026976783
147,0.4728655645629632
148,0.22528033505085474
149,0.3237989129112608
150,0.23616927848490343
151,0.38788981740252526
152,0.35612703553645775
153,0.3273505569096888
154,0.3752168389865542
155,0.4158043564507731
156,0.24736894386498864
157,0.3541897675658243
158,0.27234715796716247
159,0.22230922184924964
160,0.31574659014928486
161,0.5412538365360663
162,0.41464644567232506
163,0.3323810847220768
164,0.24918527314875188
165,0.37970381228004557
166,0.23725386608463833
167,0.37509075034995
168,0.2512733348572127
169,0.29383239638181785
170,0.38970701370105193
171,0.3994662446653719
172,0.34062064295985345
173,0.3643102278873939
174,0.34869411747943596
175,0.31883801711676857
176,0.3165082560002673
177,0.40196266666901886
178,0.310852773182759
179,0.2205447949354045
180,0.28190937045240727
181,0.3254249352979463
182,0.48361757677763956
183,0.5648966938046766
184,0.3753250950837261
185,0.44656003626542407
186,0.2727712307003782
187,0.38829791102593203
188,0.3765290497090591
189,0.31829479074990696
190,0.32337489599393093
191,0.4641645664319096
192,0.3160548706053282
193,0.36735578914986716
194,0.27015454548798173
195,0.25834439950811705
196,0.2881332909322315
197,0.48948915096948276
198,0.3350131757598448
199,0.4762674302378191
200,0.287438809310601
201,0.36805316998146365
202,0.2587650999593785
203,0.34503647160192824
204,0.294714819517388
205,0.5620963308208231
206,0.2649259691249665
207,0.25797530082387543
208,0.3554425341201472
209,0.3024583257467547
210,0.5025799844002067
211,0.25986348611794463
212,0.3602930238959659
213,0.46563745834187176
214,0.38755709785720566
215,0.34897715730829926
216,0.40446553986191197
217,0.40882179001398583
218,0.3161691604559274
219,0.3174677473390255
220,0.32242389076249456
221,0.42680176314986584
222,0.3196038269364411
223,0.46291901938838215
224,0.31777735382736444
225,0.3359652828471351
226,0.36631334381192104
227,0.43895991384523314
228,0.46864455047252046
229,0.325306743235976
230,0.3056331516438244
231,0.3926142647853661
232,0.3322895415048467
233,0.3317313819503134
234,0.4667823768031021
235,0.35124593913478974
236,0.44214456025775434
237,0.4072958161213447
238,0.25915598757017044
239,0.5772048265820222
240,0.5017091536761416
241,0.3664761360644242
242,0.25203628748068424
243,0.5493553832301529
244,0.24123100232901237
245,0.2740068609435498
246,0.3193189894866891
247,0.22200123929708165
248,0.297299828976512
249,0.3113181525723772
250,0.3481604443479606
251,0.3584264805927471
252,0.23626425757210506
253,0.3043804561132868
254,0.36167968735033706
255,0.2920257296654917
256,0.41114782428752206
257,0.36373537510478754
258,0.3801797668030457
259,0.48412825561828404
260,0.38453073255949294
261,0.2821626823588893
262,0.4593331794996479
263,0.5064313979292291
264,0.31140512394833697
265,0.2619913028727164
266,0.3948224131819851
267,0.3277434707484164
268,0.2887739586187323
269,0.3745325817685294
270,0.2750428455985846
271,0.31540583795526356
272,0.3136046564514731
273,0.26672462311179634
274,0.33702882012175306
275,0.42026336807682757
276,0.33131886639620844
277,0.44061679266351755
278,0.5244969299399084
279,0.393964328806691
280,0.346383345413693
281,0.25978806217916095
282,0.2663600179400182
283,0.22016182816910063
284,0.24221770081962155
285,0.39194825508131736
286,0.4462452710444547
287,0.27470444663048593
288,0.267656009649093
289,0.5870332489395591
290,0.30666386766110854
291,0.31361670929799856
292,0.37564287359736886
293,0.32760465976398573
294,0.3371410589285644
295,0.32532247270648074
296,0.37541364756697
297,0.41614145272271563
298,0.38255708745761385
299,0.2673371480956988
300,0.35362068672212077
301,0.31218067368789665
302,0.3689934899428075
303,0.2556831931667603
304,0.35074865685455814
305,0.3201076457566025
306,0.2911557066299593
307,0.4145831669352873
308,0.282256773777084
309,0.5746634807705833
310,0.28813494384634436
311,0.2692517708155015
312,0.3223377975129915
313,0.2891365007381678
314,0.41554940905759225
315,0.3503908078411112
316,0.31367991683571644
317,0.5571146374852085
318,0.4751765100249392
319,0.28756749298642914
320,0.43731520208132374
321,0.2775661819363749
322,0.3534818480221457
323,0.3967279284666872
324,0.39423698423124026
325,0.224204973416668
326,0.3552901239521224
327,0.28809433093098114
328,0.302054425374989
329,0.3878666596879617
330,0.4711931194384403
331,0.5440328740280933
332,0.34243153913048824
333,0.3263569594693865
334,0.28674818094272936
335,0.29709131148928164
336,0.3128297489312964
337,0.2857895545151042
338,0.3997546876586091
339,0.3777937947637351
340,0.30794585113467693
341,0.5606079037266578
342,0.30359685799485575
343,0.3601531427713877
344,0.34436768632336
345,0.4476288306294039
346,0.44555817674986936
347,0.31161247163728806
348,0.31426067458308593
349,0.4605447074771366
350,0.44627651004360025
351,0.3052257138746208
352,0.34191557452515764
353,0.32384445107933496
354,0.3125348287950621
355,0.28732829003693333
356,0.2635510006865514
357,0.2945366171112336
358,0.44216162109042273
359,0.2888607923188447
360,0.42185057199528764
361,0.2662466779112116
362,0.3418446611609179
363,0.3368108771441394
364,0.3368876367582732
365,0.2739774906606297
366,0.3842232664293451
367,0.3475118036250955
368,0.35869607923319813
369,0.332736370206219
370,0.26192994102504263
371,0.28180895585615506
372,0.5799166123763412
373,0.3792048556225713
374,0.4855219240363095
375,0.3304702760930499
376,0.40145345213224437
377,0.48749140605799157
378,0.2567249486671155
379,0.3226978000912236
380,0.33576877647107767
381,0.3183632525342559
382,0.3928467272678664
383,0.3371962115232371
384,0.510214568078559
385,0.37017583536826865
386,0.2834841874764485
387,0.5032001714544299
388,0.32897241349854345
389,0.42408354523185193
390,0.34705900385173605
391,0.5697074188117233
392,0.2539426408617637
393,0.29958850569878825
394,0.33333439476940274
395,0.34688342028544455
396,0.39692806215131604
397,0.3515256581563211
398,0.3780791337763617
399,0.3912847920902829
400,0.42848107052452783
401,0.3162555974530645
402,0.2783796011666382
403,0.32579352004634016
404,0.3911972034607843
405,0.30748923049504306
406,0.26910259496252986
407,0.38944193310025405
408,0.36229709212145333
409,0.46976622625204995
410,0.426414975737774
411,0.41367991047480734
412,0.5490210468495955
413,0.36309553920838616
414,0.3529847732774351
415,0.2987999239497313
416,0.2729781556334779
417,0.33261076744771123
418,0.4258817411242089
419,0.27344103714915885
420,0.32747271626309604
421,0.2844290868266666
422,0.2738036452792577
423,0.4252975585985763
424,0.43324930321477184
425,0.364671742429216
426,0.44297275070862474
427,0.2849369394642158
428,0.30802059387732045
429,0.3751130232011734
430,0.43494806743566855
431,0.3750971287105147
432,0.30525073235418176
433,0.44505165996198165
434,0.2528842202481027
435,0.3242197622821565
436,0.3264543849620171
437,0.3931793500666895
438,0.3938720073400737
439,0.3003811140004938
440,0.2650666979275379
441,0.31476712321885064
442,0.48464798711532886
443,0.3612996136367877
444,0.3614502548226527
445,0.27607857409549
446,0.3823884780676182
447,0.36352583419979656
448,0.5137433921983142
449,0.3446837469820976
450,0.2858599915429306
451,0.38136193251925715
452,0.44218995614265766
453,0.4045040221975387
454,0.3924832374976315
455,0.3971776534150298
456,0.43844854552987694
457,0.36032171082758285
458,0.288031372470881
459,0.3037352620267118
460,0.3951136216096747
461,0.3938143787463931
462,0.3515355150996803
463,0.28948005360627643
464,0.28786578609165653
465,0.4091247745807898
466,0.32437637480459963
467,0.28096165240400284
468,0.27053364804216845
469,0.3614852611043679
470,0.2999024401139297
471,0.4862358686781363
472,0.3602439572938692
473,0.5260745188374806
474,0.26990312958622453
475,0.33597634219029576
476,0.2531234771231308
477,0.3857210266021959
478,0.33557947509574004
479,0.3588784213800344
480,0.5034550196307896
481,0.3511578294943459
482,0.37909860465487627
483,0.3306908966922834
484,0.30321478515464534
485,0.4434500446669948
486,0.5447015683870622
487,0.36266133562006553
488,0.24379211363226694
489,0.3613287476727274
490,0.3823493182045398
491,0.28097423012051287
492,0.4361489987571782
493,0.4130303420788068
494,0.27399583781698084
495,0.31135608121127156
496,0.27459015734139314
497,0.25784854793524814
498,0.4220955761453825
499,0.4030947419608979
500,0.3095792700393401
501,0.426681714039065
502,0.3480176461335378
503,0.2400302297954178
504,0.41232184247820036
505,0.2457063617893628
506,0.27212439919893305
507,0.4128618928628875
508,0.3387650413908877
509,0.3015372132801223
510,0.32966718557505564
511,0.3652154676035484
512,0.47829176970031073
513,0.4158545188713807
514,0.25321017814711116
515,0.35182722106532693
516,0.27674174597442974
517,0.37399792353003536
518,0.42694369653437136
519,0.36705237676207014
520,0.301790191406193
521,0.3763350508605665
522,0.33457872949411205
523,0.2753612565906645
524,0.44851546942173187
525,0.33932213360756003
526,0.2736552432431313
527,0.29097245077249584
528,0.39310769211061053
529,0.29367402688277094
530,0.2898302705940759
531,0.33926066468747174
532,0.3155037734057978
533,0.25821389338438316
534,0.2248888553721673
535,0.4896737069470879
536,0.3664607025119024
537,0.34280471416946107
538,0.3661247684231817
539,0.31014437675478757
540,0.33091997343942986
541,0.30950147588995447
542,0.6262302701381093
543,0.47191684641808695
544,0.43849603690400196
545,0.3181151689652638
546,0.4638784186783311
547,0.3581876061167142
548,0.2990751150773654
549,0.3204232443461813
550,0.4282281344415467
551,0.33628334343325217
552,0.24281930720818265
553,0.2511271476205774
554,0.28502191236346397
555,0.33689567802381226
556,0.2477949797742981
557,0.4008226980978121
558,0.2558588782634209
559,0.3351722300734092
560,0.31128982140884914
561,0.4084533816492808
562,0.2844971153826783
563,0.24231815179321417
564,0.5554918833225572
565,0.38717475269282153
566,0.26118832772552386
567,0.35160449513960784
568,0.4309336163916064
569,0.41258937578725075
570,0.2983453345362075
571,0.442633895387752
572,0.29782608641841174
573,0.38201675493819004
574,0.42239615300353084
575,0.3492646570842878
576,0.41372438025907476
577,0.2694739999350494
578,0.4282143347813635
579,0.3096123710111595
580,0.3062819201603304
581,0.3505598367466247
582,0.2900526562481378
583,0.3360493565310273
584,0.36839866009728367
585,0.29737882007881355
586,0.3063483768065078
587,0.2737843529642061
588,0.3206835433145444
589,0.496068369034175
590,0.3621079053522415
591,0.2651605861911282
592,0.32460887406674116
593,0.29086860743434634
594,0.5177588572124269
595,0.35360526855780205
596,0.6252640588471199
597,0.24736318107972344
598,0.5208816330367921
599,0.34107685631689255
600,0.2363886065025921
601,0.3377782411279799
602,0.45053813688139244
603,0.41134358871501875
604,0.3681576931391569
605,0.3140729383959135
606,0.38553832458460435
607,0.3855180095270891
608,0.3806834110737044
609,0.3426437073301681
610,0.41924638687513527
611,0.32856446635202563
612,0.298331922682676
613,0.3266373732256268
614,0.2322668630948092
615,0.3896148917049924
616,0.4128934404959644
617,0.32256304894512167
618,0.33564122932148205
619,0.43851997532802756
620,0.27164077934435127
621,0.25234126240479554
622,0.31300447818592836
623,0.43191589192050783
624,0.49953286735272406
625,0.2846291433545623
626,0.38710373655004676
627,0.541999099091978
628,0.26505389557401987
629,0.2585948530956479
630,0.2944758147891533
631,0.4111911680370789
632,0.3212680923832015
633,0.3196938955774373
634,0.29554809738610804
635,0.4184719726628876
636,0.3347992112195838
637,0.27871768389593393
638,0.31206222561537916
639,0.39470401009834577
640,0.3252664656571751
641,0.266359411209395
642,0.3337334375004566
643,0.34735181278312266
644,0.3899337372246341
645,0.30931397523548737
646,0.2610986268902545
647,0.28590144552021113
648,0.36448355924582265
649,0.4916291403503253
650,0.3448537044579548
651,0.436644403083419
652,0.36785435954300444
653,0.3011701536177427
654,0.31705878661916204
655,0.2889479440176079
656,0.33176479232293776
657,0.37706240939295305
658,0.2357661405195297
659,0.42779678287101186
660,0.3278700427312247
661,0.33845680238831327
662,0.2886199161577113
663,0.4117403833673954
664,0.3156879892044143
665,0.46319050545820184
666,0.2764223094392563
667,0.4412030404231909
668,0.45340049845497993
669,0.36058708235661874
670,0.3039681803281975
671,0.29279909733949594
672,0.34462201648217516
673,0.25503802946396614
674,0.35238264690429383
675,0.3083519974130507
676,0.32377986634462846
677,0.2519852881993851
678,0.3044990899119544
679,0.34338959311227313
680,0.29463466406339356
681,0.24122874805588518
682,0.38284747748067405
683,0.3493429410011723
684,0.3413935319825662
685,0.2974424826111283
686,0.3656457171196982
687,0.32493080066835206
688,0.4734015385035057
689,0.2490412830270753
690,0.30492049865617493
691,0.3835976020536153
692,0.31211950683368217
693,0.29279430017116986
694,0.2257273826783628
695,0.2681463738998198
696,0.28815391260202816
697,0.5869307284361069
698,0.41533673848528496
699,0.31295509002981686
700,0.5357485134602427
701,0.2663618000207726
702,0.2931606359519807
703,0.3665237252429137
704,0.29406196958627273
705,0.2501869428810222
706,0.4260203849685126
707,0.31935444689003356
708,0.42276752109958476
709,0.5734672230295391
710,0.3382510719651155
711,0.36419990405237085
712,0.26750273326981366
713,0.2740144417964021
714,0.43329365996417474
715,0.4034145649442645
716,0.35315669220809076
717,0.28326068223509526
718,0.3438839321068687
719,0.30007112611576803
720,0.31107254591616973
721,0.3717412936206671
722,0.23693017892775273
723,0.28691788621484066
724,0.37794987378130196
725,0.4616228428852921
726,0.35597351648020326
727,0.7074866347592021
728,0.3286930992067361
729,0.4921486912427406
730,0.2800852689351597
731,0.6214710779556177
732,0.3559641481199226
733,0.37271753985618566
734,0.3267523071392687
735,0.403460158314874
736,0.43352600165458993
737,0.3082119012661104
738,0.3675306492550292
739,0.3272584321319114
740,0.33019265473739456
741,0.39296034498337273
742,0.2693417939283112
743,0.2492089356477621
744,0.45273179139052006
745,0.47033033500067856
746,0.4081491823670425
747,0.4582678131048181
748,0.341753780953813
749,0.38167665133360823
750,0.25305559311391684
751,0.2831456625281618
752,0.2771488483597147
753,0.29718018597496115
754,0.30296875520848654
755,0.31784126543757396
756,0.31570757453739884
757,0.35336517509953513
758,0.3008452689248527
759,0.39583304630834365
760,0.31517204725103337
761,0.37073746510395983
762,0.47932518616801106
763,0.3327240167913016
764,0.3913588296974868
765,0.4387177265804264
766,0.4210582311921504
767,0.33763168656225967
768,0.5457560710501251
769,0.25900814529736654
770,0.3545168679174949
771,0.3179536095298487
772,0.3850421517713683
773,0.4949094994211644
774,0.32693454532200183
775,0.31724809524816666
776,0.3917763675994233
777,0.45170765420476694
778,0.3160581106187114
779,0.44875238518542154
780,0.2766937380365505
781,0.2980730053993216
782,0.37315748634243356
783,0.38612774506871644
784,0.2541658505784271
785,0.3169876150379622
786,0.30057411416968294
787,0.2904679079427603
788,0.36794952434814343
789,0.32279615079759383
790,0.3084986359801753
791,0.33442570103693603
792,0.3851033094029215
793,0.27996775610013774
794,0.35127861612368916
795,0.2851413283732206
796,0.41641822564530856
797,0.24958554046160217
798,0.32316974368680756
799,0.29240382824819633
800,0.2631478587958161
801,0.25070522939296386
802,0.5253731808271025
803,0.3296991614846738
804,0.29628882425345954
805,0.37359384862858874
806,0.3344482321418815
807,0.361273556657521
808,0.2926037474609091
809,0.3556965918766299
810,0.40595104139795474
811,0.31808564562496955
812,0.4202265845643848
813,0.5402896942082793
814,0.284208990011487
815,0.3940322016558839
816,0.44051923845108404
817,0.4763730708023796
818,0.37108505438286266
819,0.3739624317726801
820,0.3362236197889037
821,0.2549055580941596
822,0.3499082465176337
823,0.24540906592877004
824,0.25695354890882016
825,0.26021032168447467
826,0.3431680932621212
827,0.26801290577349235
828,0.2814021764945729
829,0.2690928656900014
830,0.41761218399097255
831,0.3682870206931257
832,0.41590286936701837
833,0.26725925259683814
834,0.47609016277430793
835,0.2849223568896272
836,0.4109714169799121
837,0.43478543386658736
838,0.3661639730171682
839,0.4124566756797167
840,0.3426874314400823
841,0.3664847211119918
842,0.33922167800530695
843,0.35695023484754657
844,0.27488670579284996
845,0.3373176602108098
846,0.38290679589084387
847,0.21747180086247844
848,0.3197711158805125
849,0.28590581060515613
850,0.3570923573863527
851,0.3430111981223138
852,0.3670483413011494
853,0.31578830646928624
854,0.38053168229256357
855,0.38429677502230947
856,0.5164177415394765
857,0.39577695776862737
858,0.3481312860508857
859,0.47162851755592283
860,0.29209769416782405
861,0.40605699452579747
862,0.30384239500029825
863,0.4307355914150652
864,0.34469615080420396
865,0.27260384246028524
866,0.3972741785936447
867,0.32706158241053496
868,0.28174834359818507
869,0.4402843849102995
870,0.22324596924761075
871,0.28361168997914527
872,0.3201701733721534
873,0.3201254363409958
874,0.33308293567425223
875,0.42277388276350214
876,0.3388229701074952
877,0.39888815559794855
878,0.37279178912066807
879,0.49516599488221424
880,0.30189908420812694
881,0.36562182355889744
882,0.3015175264313529
883,0.38080733633173486
884,0.3455018200601165
885,0.3359002251367304
886,0.6115187488222354
887,0.3297092111403482
888,0.4951606168265178
889,0.3902518319245964
890,0.34609169421389874
891,0.40445913661733274
892,0.29138490001037276
893,0.2850387797268927
894,0.3611138091630618
895,0.30046111176902546
896,0.2969571657671997
897,0.24464783130331133
898,0.25350415482567634
899,0.4227648884482031
900,0.3628621325742596
901,0.2820786202359668
902,0.3429696351085063
903,0.28348809053676427
904,0.30253211780748657
905,0.2779857538119018
906,0.39009009249402005
907,0.3472269381296123
908,0.28568120049894363
909,0.4373025968803694
910,0.28238962854998667
911,0.2687822593621373
912,0.4006826129292069
913,0.40684643392835695
914,0.42873765943922515
915,0.38446213070624297
916,0.2976944286598272
917,0.5063469799532719
918,0.34217671840187724
919,0.33255710478134237
920,0.3287757605648736
921,0.28232822546224157
922,0.298124878892673
923,0.42606603372289004
924,0.41191518727828247
925,0.29682157773914736
926,0.409625285906656
927,0.2997060083136291
928,0.26452149928115337
929,0.40785152847986716
930,0.3921929842622013
931,0.2506624449436406
932,0.3703091474940062
933,0.36027285312779156
934,0.27417137602207237
935,0.4597749526071833
936,0.4549292005359343
937,0.22960261017169234
938,0.3349391399895705
939,0.3144182345452465
940,0.27262319630656773
941,0.4729180730428406
942,0.3061528370244912
943,0.31269625785400046
944,0.4576039710784923
945,0.33695049853471243
946,0.37875641477687233
947,0.3106827421949188
948,0.3819921492515411
949,0.42801657586255076
950,0.3734186603328682
951,0.36650515264020733
952,0.4535622217627498
953,0.4811898787417358
954,0.23345515299004502
955,0.36782567112891196
956,0.24753363931826525
957,0.4856493727966773
958,0.30431599659039504
959,0.2897115586062118
960,0.24921874704741342
961,0.3542607258002127
962,0.4298097712369957
963,0.2632264203736217
964,0.2781161042651881
965,0.5234399833889002
966,0.3625358152069153
967,0.24452893285705757
968,0.47711869624157976
969,0.41577810181252073
970,0.3994335912178046
971,0.4070992618898174
972,0.34400957119671777
973,0.3347782250931883
974,0.35612078549204296
975,0.29311154994743577
976,0.3253536818596602
977,0.40905994866377393
978,0.3143997533749354
979,0.38832659667140107
980,0.35683074652732544
981,0.5651858062479603
982,0.22536972986808715
983,0.4230914725352209
984,0.40607760175220775
985,0.3804878643098126
986,0.27436633731799226
987,0.2928675606648434
988,0.2497413111551811
989,0.4050456562629108
990,0.2605050612461852
991,0.5351468565227367
992,0.2648981980061139
993,0.3050670230208551
994,0.3381518541865928
995,0.3292779879311588
996,0.3620898441153993
997,0.47743106507233246
998,0.42610569395058107
999,0.39873263614747656
1000,0.2982570282990034
