run,Average
1,0.5475316882081434
2,0.3337053265056377
3,0.299113505147855
4,0.2901628427107129
5,0.27754806021716755
6,0.3001599439797723
7,0.3096946775146135
8,0.25841245927111284
9,0.35919909754387497
10,0.33486437726022467
11,0.26665510197615105
12,0.31494147219379925
13,0.34665914462360864
14,0.27165241147264935
15,0.32323448794012705
16,0.3228783556049311
17,0.2731635047668435
18,0.4972904316347614
19,0.40720489466454857
20,0.38643302697999105
21,0.29529909913164587
22,0.3303565597396803
23,0.32222959819335606
24,0.5762917208684878
25,0.3544384794750684
26,0.3489701072137077
27,0.22062222794899253
28,0.33843169752069324
29,0.45237748139565787
30,0.3206601872922051
31,0.5553052566473405
32,0.2970818697357766
33,0.46875679152212835
34,0.3305077763612179
35,0.3372380036500503
36,0.45962877359115856
37,0.2552332685929287
38,0.4648998319417763
39,0.3717113736163935
40,0.33779000589801617
41,0.2844141917964485
42,0.2629993753025953
43,0.33760287381697857
44,0.4971939703037482
45,0.3021963809714607
46,0.36961232211273753
47,0.2751826113750296
48,0.2814878943824854
49,0.49012578257384226
50,0.29038235591033956
51,0.26879175888331075
52,0.45869345579527504
53,0.5202843626153848
54,0.2738560874998493
55,0.26752281997804717
56,0.5859793828788754
57,0.4317821663714633
58,0.3517139968752728
59,0.3370937740194131
60,0.38932216900116706
61,0.321809646116631
62,0.41031402272382883
63,0.3434144731780903
64,0.5553958645372181
65,0.4808193414389957
66,0.3319254765145259
67,0.27486004800938113
68,0.36165183305939685
69,0.3835786384785014
70,0.38071749835030105
71,0.3349533701738388
72,0.5270375299511285
73,0.3872298112474269
74,0.38686938524694614
75,0.3433532523892189
76,0.39138001771674136
77,0.30118791076871665
78,0.3886320220606835
79,0.3412675452781945
80,0.2777690865042621
81,0.31165419735844957
82,0.535572029889467
83,0.31872785714416263
84,0.5006438361117326
85,0.26846383760442954
86,0.3533591359780251
87,0.2639574327289282
88,0.21260949409890206
89,0.3222221826109474
90,0.4349381943151836
91,0.5193592157694108
92,0.37393923584902333
93,0.31909305770340934
94,0.459332713320511
95,0.4027567422918668
96,0.2744408836467905
97,0.26197988156921026
98,0.36674897605181395
99,0.3469866608053901
100,0.3116404964564027
101,0.4563495442854222
102,0.423456500626387
103,0.2963166612742801
104,0.4807944706779501
105,0.3321946629501895
106,0.3928057599602829
107,0.4252895751475657
108,0.25801853101864197
109,0.3151521146441288
110,0.26801828968935965
111,0.548282479880013
112,0.43036626998017075
113,0.26112964083219087
114,0.3498197255467121
115,0.28934623988055064
116,0.36966276791098024
117,0.2867993970091358
118,0.3151664866278707
119,0.3311062209644894
120,0.37339333731116703
121,0.3466561283788861
122,0.34431720549861167
123,0.2926419380173298
124,0.3278679501033909
125,0.5106537650890733
126,0.39842231438277154
127,0.28599303088322203
128,0.2601369525554207
129,0.30489232963666657
130,0.3616757387129835
131,0.5889779966194676
132,0.30200072663723865
133,0.33077323219968696
134,0.4388987442316173
135,0.2210758134124482
136,0.28794436264841344
137,0.34745024874020647
138,0.3452614407253185
139,0.25202512629524443
140,0.3009541631062171
141,0.2726224375822626
142,0.36789112378057987
143,0.45827815372211783
144,0.2697123936914907
145,0.2969194030031853
146,0.37756379120120453
147,0.4241820511449999
148,0.2494314785958546
149,0.2945804175552939
150,0.294690739284561
151,0.46579380739622167
152,0.41519944708191686
153,0.3599885589899968
154,0.33301443492773986
155,0.3745426152992939
156,0.20584767625677614
157,0.39911094738270536
158,0.43363586913875984
159,0.29365622846633427
160,0.26251940199096263
161,0.5391325101564407
162,0.2947693811687693
163,0.29716280352506846
164,0.25207794240154635
165,0.32243583724365243
166,0.26499960061998207
167,0.35242470935084574
168,0.4173056080821227
169,0.3023689923103734
170,0.4384167196259864
171,0.3489369188891038
172,0.31750153578640117
173,0.26777173613093663
174,0.6171491633321455
175,0.28899133234192603
176,0.49934034870165733
177,0.34755168034808975
178,0.3092007418196373
179,0.2449577551334355
180,0.28679751243026036
181,0.3039580703356689
182,0.5211488797762821
183,0.25289352689040284
184,0.37519872324677755
185,0.33071671695936933
186,0.2606911462974482
187,0.3060793088515512
188,0.38861618034296386
189,0.3356855518796936
190,0.2820813614925019
191,0.281991254344689
192,0.32411219192417456
193,0.33834786893000085
194,0.24357212040072368
195,0.25509484382961933
196,0.35109724712169754
197,0.43869903171998337
198,0.28671976076723926
199,0.5208819754346836
200,0.28085325203763845
201,0.47017401637698997
202,0.2615523026644718
203,0.5452521048988113
204,0.46050643893640314
205,0.3966821708740708
206,0.2308546583414589
207,0.35256511498414433
208,0.40923498754903154
209,0.3302827686943271
210,0.4496739070874716
211,0.4619002208477726
212,0.36234504903181264
213,0.6149637651602382
214,0.3725011237041504
215,0.321999074873268
216,0.44055900172519313
217,0.25325247957696945
218,0.4234852781112362
219,0.3325475849936592
220,0.3029320077579966
221,0.48097533070657367
222,0.2692394973461805
223,0.3598909769154075
224,0.3088437598297283
225,0.2657540877701476
226,0.2508154366667081
227,0.42892906991967794
228,0.3243880562985075
229,0.29197690469973175
230,0.31550758571456355
231,0.23475820823768123
232,0.32779855790791085
233,0.30880064172265015
234,0.4671825856279533
235,0.3946015219708209
236,0.4078430707116702
237,0.4826573016776906
238,0.32724401316322954
239,0.43693894297446134
240,0.34461846112427036
241,0.36096676620354856
242,0.3201697278147715
243,0.3455964319608641
244,0.3178639007518482
245,0.2760735231610849
246,0.3109607980320052
247,0.47712152622098003
248,0.4862863927545346
249,0.36458396883281974
250,0.2951326681567297
251,0.36669799559374866
252,0.30279186985371775
253,0.24037088376073645
254,0.27265187325278156
255,0.2622735589216825
256,0.26194844562401914
257,0.32802610546795896
258,0.40710519295526
259,0.44255314356653225
260,0.34141377923409044
261,0.2189639374848246
262,0.43291979352250975
263,0.5203734211522388
264,0.4103107206322451
265,0.256629817577326
266,0.36268412809253237
267,0.4209339693948254
268,0.32377071840052457
269,0.5433451218154262
270,0.22893847183166202
271,0.3391365609776018
272,0.32423335560032857
273,0.3270998818988577
274,0.3217123939722932
275,0.3902566605840225
276,0.4260285663803436
277,0.5427229462440369
278,0.4556746081279181
279,0.5289196015123852
280,0.4744360521797078
281,0.27218387676834926
282,0.30518669436251017
283,0.35229451853998545
284,0.24519298011397025
285,0.23615172145478452
286,0.34384464020184813
287,0.2791038371466296
288,0.24665018844673833
289,0.40518495944301164
290,0.3478960674127969
291,0.28758709674696553
292,0.37186970113904
293,0.3616692408841295
294,0.2759639634063295
295,0.3985051427178316
296,0.3151017544347593
297,0.4175160483079208
298,0.37860017150553493
299,0.23298380086930354
300,0.3659841749067972
301,0.32338235231200674
302,0.32331179290939827
303,0.2661938470634034
304,0.26697461527290955
305,0.4334687979326979
306,0.3242821480530639
307,0.26023901593115506
308,0.2859334876224496
309,0.5905108737656393
310,0.3187983872647245
311,0.2992515087964758
312,0.30848875967308315
313,0.5101848782526202
314,0.4177317825084094
315,0.2870734111427422
316,0.36844397212817337
317,0.515192612973282
318,0.45524489728231415
319,0.28877456062957957
320,0.3257457112290331
321,0.27265210495420505
322,0.4134294418283311
323,0.3984357941935285
324,0.3348104233216327
325,0.24578473665638034
326,0.34910436708334036
327,0.27420926089360453
328,0.2884281748590171
329,0.3243302007785716
330,0.4493128215957559
331,0.48827026710063187
332,0.33847731336268544
333,0.35098697302544096
334,0.28328042835345574
335,0.2906513547994277
336,0.4235881063329382
337,0.2552563353118883
338,0.3863150860862193
339,0.3354349010898662
340,0.3447117246458748
341,0.410899373794945
342,0.29026119161140124
343,0.38129496254724377
344,0.41807425470917514
345,0.4762159797727101
346,0.4371561674362169
347,0.34612726068838756
348,0.23949175013839652
349,0.3100794711713422
350,0.4144036071218324
351,0.2523699090572927
352,0.3033730335370901
353,0.2881248300830834
354,0.42163926896596854
355,0.31083813798232995
356,0.30734420188266887
357,0.23524454638678327
358,0.5647636358677288
359,0.27078017076858524
360,0.2764791268691545
361,0.2622121282645235
362,0.2994780974184835
363,0.38204937306204223
364,0.4093084660447524
365,0.3746066080192456
366,0.3121409421694275
367,0.4443784912869358
368,0.3386989441329175
369,0.4508080304794566
370,0.23638938314511637
371,0.3295777334197887
372,0.3487619530494259
373,0.27274760521217406
374,0.27911935636166546
375,0.34715220286817516
376,0.37147086150909997
377,0.26837848362881905
378,0.2601737769892766
379,0.3073412237080092
380,0.40697611616521245
381,0.28958066319106207
382,0.26282439043130373
383,0.49017577533050016
384,0.5036711942551892
385,0.24804833444235377
386,0.3572613492724634
387,0.38256755572695783
388,0.35992210575117317
389,0.4410585787137353
390,0.48070032371285093
391,0.3950850334274425
392,0.3030064117257162
393,0.36990722906620677
394,0.3515881628693612
395,0.36345932162493794
396,0.5453198434613198
397,0.33967701607299294
398,0.3210090794709751
399,0.2778984587985306
400,0.46323087345717695
401,0.30204576987368126
402,0.3107280138946241
403,0.2503645898147871
404,0.36305710382988626
405,0.3028084301315917
406,0.24724182178788895
407,0.38940867646017696
408,0.38975015166378996
409,0.3213070763132044
410,0.4017811160280039
411,0.5773356699318504
412,0.4570843711055973
413,0.32401295926242984
414,0.28344013161115256
415,0.2713554065399096
416,0.3453657423765246
417,0.35688235368674326
418,0.362804459821938
419,0.2362960672727859
420,0.24923561696462615
421,0.29760703250492215
422,0.3382995139822609
423,0.3571548685015482
424,0.5030791301762495
425,0.39731912048438683
426,0.39382360962407387
427,0.26918425309914545
428,0.27922142893967333
429,0.27964102291984827
430,0.46124693376381576
431,0.2761259602163953
432,0.29660098007509206
433,0.49674556622251975
434,0.377208118084301
435,0.2681149467878008
436,0.4388303977211275
437,0.2894264853740893
438,0.42628174334178065
439,0.35245595707354094
440,0.2939657367322028
441,0.23490543670518202
442,0.36160780957816785
443,0.37331166380466135
444,0.37586311714435444
445,0.23038112117665527
446,0.4441969251744314
447,0.2799620623925893
448,0.32659608107057186
449,0.2850648647959012
450,0.2943180495353434
451,0.3299543876969662
452,0.39486858146460146
453,0.384639759832432
454,0.32233205323610414
455,0.3802182087695909
456,0.4171800135321836
457,0.2539873976259239
458,0.3107314506251293
459,0.35452007741132174
460,0.26830553439892413
461,0.3419535868309855
462,0.29587342211482764
463,0.3615507113544633
464,0.33858174508504907
465,0.37107479445607117
466,0.3478065360247607
467,0.3433358689008461
468,0.3945242069990761
469,0.297085330012754
470,0.3023848277950446
471,0.301208669812439
472,0.46645950770276606
473,0.6755352707192281
474,0.3677699559191757
475,0.28250060291782686
476,0.23172024845691527
477,0.45101735807472204
478,0.29846634271941386
479,0.36386312360959105
480,0.35256768123721133
481,0.4174021107031565
482,0.2766933259823207
483,0.29465531524170113
484,0.33910505978594163
485,0.47933599432771795
486,0.5128802972429162
487,0.2339661113799676
488,0.27119637749103265
489,0.42811907843373054
490,0.4146481374074624
491,0.4058959806209758
492,0.4728614109318345
493,0.3242012030314793
494,0.4475736240028734
495,0.4359238045119329
496,0.36497020880207615
497,0.22176768389503249
498,0.4727687354368431
499,0.3604878025424457
500,0.3347187613465353
501,0.4845042909687223
502,0.3743060630485783
503,0.25199182716391577
504,0.33442856236088825
505,0.2788521326748979
506,0.23605801356057124
507,0.39449500604827487
508,0.3581282628646789
509,0.3649371783996361
510,0.3001668181745431
511,0.3252681543310868
512,0.4031573210527018
513,0.347620869079844
514,0.4214806619546996
515,0.34492514077238806
516,0.38579790959941207
517,0.3225371433188408
518,0.3328689850695485
519,0.45032787517933615
520,0.3602673601663909
521,0.2513002255884331
522,0.3548542164859478
523,0.2393520366453143
524,0.41506153375058596
525,0.3820673007558012
526,0.41679645160927964
527,0.26570146934842753
528,0.37932414847784224
529,0.3272765849421123
530,0.3053786737880635
531,0.32587452888824087
532,0.399155568610626
533,0.37481036859422057
534,0.2977896984701401
535,0.3311034598288804
536,0.3307897473144491
537,0.34140059713853016
538,0.4615717252118267
539,0.3274165164962125
540,0.23478541619632734
541,0.4422487129824953
542,0.3473638904048205
543,0.3990223639034621
544,0.5232836997157023
545,0.3961532155515704
546,0.3297683788538646
547,0.3567309812184713
548,0.3309288533320798
549,0.3752042428023385
550,0.38570592823787053
551,0.40660975684909767
552,0.24223766356609946
553,0.24543050172855427
554,0.28938951766066096
555,0.35500419733583954
556,0.3926605467966605
557,0.38265119242705037
558,0.2992973787595422
559,0.4006497342397806
560,0.2456349810932741
561,0.41038240584876123
562,0.2782687355284461
563,0.30938916075883494
564,0.4601821199746561
565,0.3499462074840225
566,0.25565982305378665
567,0.3090102771946385
568,0.36484641130386153
569,0.3725046371493058
570,0.27926033990300486
571,0.43152432284049747
572,0.3597207908630217
573,0.38892001061926545
574,0.40243299203493454
575,0.35612859372198685
576,0.4703752752989195
577,0.30838233955922717
578,0.4010292504750704
579,0.3488795073555138
580,0.6076883062262948
581,0.39557395780641097
582,0.2871841727317287
583,0.29383401357155836
584,0.2774928738312605
585,0.41975419745209525
586,0.27461307201707785
587,0.3132330043586335
588,0.4472713386435629
589,0.5160977587855463
590,0.3069356446467613
591,0.31978673823939774
592,0.3371439652157127
593,0.25780696219806903
594,0.3512111126093851
595,0.4159800712539094
596,0.5978935857826493
597,0.2604403567768994
598,0.5739073565433747
599,0.4131733831634247
600,0.27150634466142415
601,0.38415968717522253
602,0.3275475704035135
603,0.3223166350081485
604,0.32183792152502466
605,0.3320222321354647
606,0.265107983142792
607,0.3214652938136232
608,0.2561140071325707
609,0.32913662680700145
610,0.5035798536180806
611,0.3095732196355099
612,0.3425897371741099
613,0.47754270006212063
614,0.2325776166846544
615,0.282844538515105
616,0.5138543797617441
617,0.32798873835495035
618,0.4289800215601615
619,0.41982425930909256
620,0.28579406251832257
621,0.2427346416525996
622,0.29684680013979853
623,0.32786273269273064
624,0.3913748993219612
625,0.23304860994809135
626,0.46272975525442817
627,0.45083092001574765
628,0.33280186073324447
629,0.31245502890341526
630,0.2768827042768502
631,0.36873739796644023
632,0.35922385633670334
633,0.33522086609506435
634,0.4638166266937266
635,0.40753851768659693
636,0.31159155265110955
637,0.27177047425991396
638,0.2850513404439965
639,0.42793118492937693
640,0.27943024719087245
641,0.26353745201507267
642,0.45261358584932954
643,0.4029018753600847
644,0.27639646300498527
645,0.40795542676967633
646,0.2579107646371244
647,0.29552079114641483
648,0.43294402401949306
649,0.2678953327214357
650,0.34489718419804105
651,0.39601270707836306
652,0.3530150053128284
653,0.30868911838192464
654,0.36374719945966666
655,0.2894805240330021
656,0.3553560993287633
657,0.36334761012081646
658,0.27993868311873055
659,0.3062834700401772
660,0.48221150353342956
661,0.37993398806074447
662,0.2487152233364783
663,0.36630724455665065
664,0.3080276955819321
665,0.47691442091795355
666,0.4355517052097689
667,0.4571052302151504
668,0.4174556150632781
669,0.34933249772409464
670,0.298528741808242
671,0.28944995545252555
672,0.335532620689081
673,0.6470203852196189
674,0.4783947557375162
675,0.30299397905922715
676,0.2628877044922887
677,0.2539774277502298
678,0.41016929625613774
679,0.39865962114388764
680,0.26897561767505357
681,0.27340404346244823
682,0.3462198029991419
683,0.33623697005921505
684,0.30509558552202587
685,0.42977787544424373
686,0.39292791569442553
687,0.31374916454916696
688,0.3766052125193711
689,0.2266546156456502
690,0.35299569109696016
691,0.46908341547877974
692,0.3485082160687806
693,0.2957257380572878
694,0.3383961933242209
695,0.2577524598547224
696,0.3228883025431301
697,0.47273413608951137
698,0.33142083534391203
699,0.4295891325409852
700,0.511684644893124
701,0.4344254059295765
702,0.3938841064813762
703,0.331105659192919
704,0.28212289100338483
705,0.3935178096656538
706,0.3264923730740247
707,0.23486411737705376
708,0.4996237581508291
709,0.5885861337171812
710,0.27215295094149106
711,0.23181363908871241
712,0.5283003855300875
713,0.31722083863804346
714,0.3279702645750568
715,0.37950262343414165
716,0.36507740971652897
717,0.28531184985479985
718,0.5376884529083242
719,0.3642971556714673
720,0.3872565344480682
721,0.26470272725496835
722,0.27786905323645733
723,0.28161775275138073
724,0.3634796251412251
725,0.29264059042518753
726,0.3202026613866922
727,0.46150644231972954
728,0.4810939458375469
729,0.6079848533875077
730,0.31170619523820947
731,0.4893014222711788
732,0.32055462205909224
733,0.30675808683883876
734,0.4054611716535416
735,0.46639884951428434
736,0.3779470898102626
737,0.3817502947095249
738,0.30367919814658134
739,0.2878767045579722
740,0.35888452588892306
741,0.34286232741367484
742,0.2669940589923642
743,0.2599089421265398
744,0.5357431728076395
745,0.42912807217024285
746,0.29954643243499113
747,0.4621499086904915
748,0.4671925250258957
749,0.3199911551904494
750,0.25784525930886903
751,0.4279702126065263
752,0.29102298359540596
753,0.26439296770178106
754,0.24809814078277417
755,0.3719760589496589
756,0.3308304619405228
757,0.28915697650457206
758,0.35749891098896547
759,0.4408803096223657
760,0.3561051984206471
761,0.5242704815918786
762,0.42848338870258296
763,0.38087038087534963
764,0.29309000048784417
765,0.28376143159063477
766,0.40526053012293367
767,0.2577917542843515
768,0.4031256740239237
769,0.4353240320838938
770,0.2932354539494509
771,0.2875835267121696
772,0.33307208816739875
773,0.4565839033862174
774,0.4118233012683767
775,0.3388843320845586
776,0.38009667051001517
777,0.3204701744215498
778,0.2713105648311047
779,0.3777973917204648
780,0.3003869979026903
781,0.3356203448909803
782,0.7729035024268827
783,0.34022312261929333
784,0.2653183841215385
785,0.2541657171559958
786,0.2983314662887841
787,0.39062477311420524
788,0.3455016554109444
789,0.3905070750181836
790,0.4216155414208169
791,0.4493169928764809
792,0.37183649213421427
793,0.3309365346461586
794,0.4666574400541681
795,0.21325339508985017
796,0.37857594190291455
797,0.23587296480076508
798,0.42284586276435115
799,0.32419527945443055
800,0.25978851548072407
801,0.28618022684048766
802,0.4179584392651565
803,0.3377061753463637
804,0.46166065590323424
805,0.46162595371000353
806,0.3623701847756082
807,0.3449125022943221
808,0.40692778103111327
809,0.34706924455320376
810,0.2965704124714836
811,0.2690376734628103
812,0.41411212378641254
813,0.47721234591652073
814,0.41476365225551665
815,0.3828092173150351
816,0.470083237335012
817,0.4298057629797525
818,0.5981543270990393
819,0.40242521082613364
820,0.4568372524858828
821,0.29204217246314623
822,0.44585010150709115
823,0.2645642480026825
824,0.37685804525129724
825,0.3031570519222401
826,0.3428816036191704
827,0.24411790749207973
828,0.26153157849361225
829,0.25800695390961087
830,0.5739868112425992
831,0.36274629456515023
832,0.43050712166510663
833,0.26983687789987937
834,0.36349599101722463
835,0.3052379558090091
836,0.34270993031878805
837,0.3115996490127269
838,0.4046399120534288
839,0.62611403980445135
840,0.485446831274315
841,0.44926883763340747
842,0.331997553767308
843,0.3198063788359514
844,0.27644053559808246
845,0.33323847236109055
846,0.6663195268294003
847,0.2526704483992136
848,0.36497960666664586
849,0.31099063903086815
850,0.31749260054011563
851,0.2753562937737044
852,0.31554481541894136
853,0.401371342592168
854,0.34493958833945837
855,0.34046750073424115
856,0.2788263838494114
857,0.3306830695712644
858,0.32685490820950575
859,0.39525680642106786
860,0.3584779828883351
861,0.37456484274969315
862,0.25211937465274586
863,0.4478667185321414
864,0.32681968452178806
865,0.3791183745210575
866,0.4405162496904177
867,0.3120918561135443
868,0.35759976534538723
869,0.3089839663118147
870,0.2376824529567789
871,0.2631565055677247
872,0.3310229403711499
873,0.2666407369248192
874,0.28689867707772543
875,0.2581687268462207
876,0.34358514795125183
877,0.36779325664521123
878,0.277543514374274
879,0.47437922098916824
880,0.4300777659868821
881,0.49826776297738423
882,0.280460257762034
883,0.31971781448738307
884,0.35172286888841736
885,0.30577627583520195
886,0.5003663710494743
887,0.4416025081903009
888,0.5315386799131729
889,0.42729478588929926
890,0.34459429043110634
891,0.41746340281136696
892,0.4242438118890297
893,0.3872802774000795
894,0.3900045657792372
895,0.2897129633272235
896,0.31746454314678635
897,0.3037050928507028
898,0.4012895857151637
899,0.2939166308939464
900,0.2534083775345521
901,0.3668536530713225
902,0.3500068286429319
903,0.287705411135029
904,0.37118789891241044
905,0.3053121349135334
906,0.515086874002456
907,0.39914785987451357
908,0.28462948147851125
909,0.41660701867347527
910,0.28627802656484236
911,0.36289059836650783
912,0.3569597843785404
913,0.40269258565407234
914,0.4009445251055913
915,0.3663639741963531
916,0.268226388236524
917,0.3869343253369407
918,0.28993669047122045
919,0.29352788182739625
920,0.350359658589112
921,0.34320798427628085
922,0.24386034010946933
923,0.47921006309507225
924,0.5089127636790758
925,0.33834567252079994
926,0.5204770629948695
927,0.290227724273014
928,0.21482130411452313
929,0.4460097539987327
930,0.2669963820497821
931,0.3087950569339217
932,0.3642129912442916
933,0.426450310465043
934,0.29914749055000944
935,0.32869344058551897
936,0.4559365242389062
937,0.27170130075282367
938,0.29668656209443384
939,0.34465412887822
940,0.30232891740629403
941,0.3401641433630066
942,0.2401459208710388
943,0.3555017193192411
944,0.2950494912814216
945,0.2828199362422914
946,0.4234441210031967
947,0.3456837074362609
948,0.43608602352148285
949,0.34318880453957745
950,0.3864365890251941
951,0.562097522591805
952,0.5182820670596806
953,0.5087806625412218
954,0.2358492547854267
955,0.3736935725424939
956,0.3434714311333422
957,0.49746170421480784
958,0.2821048742368831
959,0.3062085060888808
960,0.23237121849037157
961,0.3020099739424804
962,0.3653558551493137
963,0.3777866639356877
964,0.2965454686964725
965,0.3253388240726244
966,0.45130854582830793
967,0.3535998640241568
968,0.42461483097191
969,0.3510823814820922
970,0.3141958820057288
971,0.45820779132360484
972,0.2856432976629603
973,0.2836986553229184
974,0.488838403548477
975,0.2722292898798302
976,0.23930423143051932
977,0.39343760326841687
978,0.2761228776965589
979,0.42973384856188596
980,0.3962917313934878
981,0.4636303773732839
982,0.5803338412070277
983,0.2710154133718037
984,0.35446725472566804
985,0.36438236504520954
986,0.3236757927263357
987,0.3246819268577641
988,0.24658711542833928
989,0.2456896112932316
990,0.3274877137901225
991,0.501594486859818
992,0.43630814046408917
993,0.5265803838738372
994,0.2996098662266553
995,0.25003530481691333
996,0.45936071501702475
997,0.276374742419859
998,0.27008089564626125
999,0.30428723167316313
1000,0.32140278186735516
