run,Average
1,0.39612813032507693
2,0.44252419111137664
3,0.27608743470077507
4,0.5448460054521974
5,0.2516703633331087
6,0.27901288271688907
7,0.29179747958128627
8,0.4768647039306845
9,0.44467393915998615
10,0.4516198486972774
11,0.4281310423854152
12,0.4806048480508031
13,0.31054058963767056
14,0.28272061479172345
15,0.3115353407294796
16,0.36072444846073043
17,0.3622452445952814
18,0.22990996814845718
19,0.3448662116434255
20,0.34611339749663883
21,0.5284835064163931
22,0.28598940647559823
23,0.5084366652396439
24,0.3662205183460883
25,0.26556036891074947
26,0.43728481460753604
27,0.5168020892490583
28,0.282762820072882
29,0.39177727801195517
30,0.4674013587361344
31,0.28918364281924663
32,0.30029022623578455
33,0.46457241965966395
34,0.3547146261014507
35,0.3072905403595741
36,0.3178066092265397
37,0.27214070319102535
38,0.43394525119058147
39,0.29429444667561283
40,0.2854249306476197
41,0.4176752850829837
42,0.42782182351329767
43,0.4446791600232469
44,0.29755642473216787
45,0.633085758444454
46,0.3683470407782294
47,0.3686422522085713
48,0.25720395799237933
49,0.2603349427229031
50,0.3406551084236808
51,0.31061888974570206
52,0.3928067859144458
53,0.29244448050397936
54,0.2889693248738177
55,0.26896124337449034
56,0.43620543047682514
57,0.4123105710010278
58,0.2830377518931729
59,0.306076598076979
60,0.3499239470972689
61,0.4152250519759444
62,0.3181314108512896
63,0.43626388205660516
64,0.27663447962218646
65,0.32129584740951445
66,0.3824684272124977
67,0.4448315011484
68,0.30366665764172407
69,0.38405336021011804
70,0.4226774134526216
71,0.40935774619670834
72,0.4734699169092049
73,0.3670391370935401
74,0.23422451128749602
75,0.32866162575886837
76,0.3616870561141272
77,0.278703940645984
78,0.38817353261314635
79,0.38933569871266516
80,0.5190227547161176
81,0.2634808003143639
82,0.3875227962740777
83,0.32482041933108147
84,0.30825773563427356
85,0.31774150788098493
86,0.4030729402753826
87,0.3865477457756713
88,0.30742041980676593
89,0.29518804747304117
90,0.31394708233430435
91,0.3700498952818269
92,0.2872073380159422
93,0.376852480088115
94,0.3727947638138994
95,0.44095654558711733
96,0.3977398162587197
97,0.34751776816083546
98,0.2987567440460325
99,0.26945294429980055
100,0.31893755278998304
101,0.3290974175392662
102,0.38102188320934144
103,0.3895652655579948
104,0.3551781939456869
105,0.5354056220548106
106,0.23364026021505657
107,0.41638656266884555
108,0.4141247551042132
109,0.43253544999464894
110,0.28566608215179384
111,0.705717763755318
112,0.28472364244330706
113,0.23870933985618353
114,0.3730179785554019
115,0.33552318298217576
116,0.4603465932549233
117,0.251468421007837
118,0.36437631871262993
119,0.22208405326830943
120,0.3786164692641919
121,0.348396803410566
122,0.2341557710122773
123,0.28997421873649215
124,0.34928163267110474
125,0.25173380757017066
126,0.4555948157036928
127,0.3061806763650321
128,0.3017374486206751
129,0.2537867913896421
130,0.3622345256230085
131,0.5378896395484749
132,0.47015089593059106
133,0.5482343478953621
134,0.3477554289930717
135,0.5580514632908599
136,0.3899908711700201
137,0.3064645515159813
138,0.3754027551873102
139,0.48047601413781404
140,0.3866861165356831
141,0.6309490385163942
142,0.35823677969986223
143,0.40008941065223813
144,0.4391069564698583
145,0.37245852690297054
146,0.577872537158151
147,0.515258633246461
148,0.5846713940130841
149,0.299202310409937
150,0.3490315567930994
151,0.297593257237005
152,0.3713128355874611
153,0.28586221252273397
154,0.4723241383123707
155,0.32170516588791315
156,0.3845889068657906
157,0.2451038330496176
158,0.2622884632408036
159,0.3628584593612625
160,0.524524892892026
161,0.40623333197324046
162,0.5070675554064099
163,0.3025092925219321
164,0.2840443887326593
165,0.3243741583129653
166,0.2741851438724876
167,0.3564686957241337
168,0.2978144506807113
169,0.41004489905168734
170,0.42398338069141817
171,0.3597061895899933
172,0.3696284071343729
173,0.3578872228215727
174,0.3360414339390556
175,0.35129864438084885
176,0.41268064877307953
177,0.310253221237168
178,0.32455311892410815
179,0.2663609287132903
180,0.26310773740183846
181,0.3080227750317823
182,0.30122607233801985
183,0.3893168656238562
184,0.27619447543065617
185,0.303732551931298
186,0.2874962763161215
187,0.37788798022850156
188,0.29521178307757234
189,0.2830977552708315
190,0.34434279214081775
191,0.36473954450426305
192,0.3441588860518087
193,0.3418813665974111
194,0.44230114146866334
195,0.22977526736085085
196,0.2643340971933611
197,0.4958241796775529
198,0.34378507313746165
199,0.5426044323846181
200,0.45014525203552674
201,0.252773614986351
202,0.3253363899193718
203,0.31204804699816713
204,0.42096887409938294
205,0.32551953044117826
206,0.479800686944857
207,0.3195650362721268
208,0.23262325801208497
209,0.3365234232500557
210,0.5099809734616599
211,0.3497372442158605
212,0.2695919051519583
213,0.29786734726775066
214,0.3668446760206306
215,0.3946320866011055
216,0.3725743261492852
217,0.3654011475450566
218,0.5512406425810064
219,0.3644190028275148
220,0.43267411673009515
221,0.28549388551971755
222,0.3118333579732893
223,0.5737396612187037
224,0.2655031147241253
225,0.38314579286222633
226,0.30415251181764996
227,0.2841978771181454
228,0.30314888874274526
229,0.3008207823484138
230,0.3557915687521395
231,0.3341609935223712
232,0.4354082287370962
233,0.3445718101798057
234,0.3489655338316378
235,0.31866573590553565
236,0.37944848999641567
237,0.24418984076656253
238,0.2810811372275188
239,0.42747255300157316
240,0.3240502488539394
241,0.2918478703480805
242,0.30304376782759845
243,0.31048094907230567
244,0.23103045596444638
245,0.3771375633239852
246,0.3150318393213524
247,0.25174247293742935
248,0.32750756308691015
249,0.2987623895730148
250,0.30226624831652693
251,0.307754062192731
252,0.3843332019420282
253,0.2856034787943162
254,0.2744718569975968
255,0.3463874416600476
256,0.32253734564293857
257,0.38433233947350887
258,0.34814417423200567
259,0.4718221210787396
260,0.3195198462757205
261,0.5413385137740151
262,0.4151857627207315
263,0.3994717709433372
264,0.4082240799669094
265,0.29214185993309594
266,0.36546333524635377
267,0.268528185742911
268,0.2578183080434645
269,0.42439115876445943
270,0.290379411276751
271,0.5407191404423104
272,0.5202166298839477
273,0.31039401919492454
274,0.5094101514180193
275,0.31964503917365
276,0.25882480208425
277,0.36849664647640656
278,0.44277080159569354
279,0.37910208376639376
280,0.30052822404154494
281,0.4661461519401002
282,0.2888422074445433
283,0.4239693918102298
284,0.29722680651818767
285,0.30037429174309654
286,0.39281558633919833
287,0.4108174322600758
288,0.28388804612139457
289,0.5969403087153317
290,0.3975323964501474
291,0.291892956860404
292,0.23294747385329054
293,0.4315200817811882
294,0.2963279306003058
295,0.33482031345177393
296,0.377678307226306
297,0.2771097778009992
298,0.24882857695727556
299,0.48540194447180923
300,0.22601905598224253
301,0.4168178047338371
302,0.2584393905521082
303,0.3358631218750207
304,0.3124482912495619
305,0.2219579633655065
306,0.2775861205722156
307,0.21595331965207146
308,0.33392665196768495
309,0.5971508062539157
310,0.24192422761759927
311,0.49390173316795416
312,0.2616702621020004
313,0.3096022169089024
314,0.4421602063134571
315,0.4538717365104118
316,0.25345830214095416
317,0.6591221436318919
318,0.33913399998550803
319,0.34911838963138303
320,0.3219180713525233
321,0.28646871475218766
322,0.2702637091890854
323,0.23472538715912622
324,0.4499372490997878
325,0.23095421394264293
326,0.34734033826810773
327,0.3146094265063511
328,0.6310934062645347
329,0.3236182986223549
330,0.45947733197964424
331,0.2960205152596288
332,0.33399132835950035
333,0.4498501440678655
334,0.31368600646696876
335,0.41294064475782205
336,0.4342337398169251
337,0.28605979930511927
338,0.32842793634643136
339,0.27843943055202053
340,0.42288952218027825
341,0.35701688963360523
342,0.4128983480099381
343,0.4448671081321424
344,0.2651710184811043
345,0.27226785044292645
346,0.3515995354059057
347,0.28696534156415854
348,0.4141731280713551
349,0.30699219726275734
350,0.305349448279072
351,0.376944831138726
352,0.37802924716606123
353,0.28592967482701803
354,0.3084376739810741
355,0.483095206528357
356,0.24755520440008802
357,0.4614649295667764
358,0.4783923960097873
359,0.3184928956027711
360,0.4269166438656496
361,0.2852215360385313
362,0.2502768374807246
363,0.32193393152962074
364,0.3089089992788641
365,0.2887642193795404
366,0.408458571043072
367,0.3072779005891079
368,0.4113682915671447
369,0.38699279330519165
370,0.26866138432358866
371,0.3169385797829368
372,0.32665373005647336
373,0.3664603844929505
374,0.35767703101573534
375,0.35631944390241904
376,0.2585890859797476
377,0.4121966921159871
378,0.2839131713711704
379,0.3505134744851094
380,0.29506454742665483
381,0.38974213636635413
382,0.29828759871654986
383,0.3343239835924831
384,0.25831135230034663
385,0.39018574095304975
386,0.28447693199131097
387,0.3079716437434379
388,0.25783429026672733
389,0.4379614743046012
390,0.3882880015250285
391,0.4348156498685103
392,0.3342170053219743
393,0.33391074648460933
394,0.3902203367396478
395,0.44422015842958706
396,0.30284359651870696
397,0.44250620538307545
398,0.31499905808341033
399,0.5185579041947866
400,0.6447827532345722
401,0.35437404909808234
402,0.30662261545219116
403,0.32461840590362995
404,0.3971682835618341
405,0.34775928575183396
406,0.29982618016730933
407,0.2585188200438901
408,0.31368859870915083
409,0.3184603748946663
410,0.2684337096012036
411,0.43281210709098034
412,0.26998962853341396
413,0.3770228773717957
414,0.2883530261020572
415,0.37764414522959283
416,0.3343829411240768
417,0.45556796103449754
418,0.5335449905639095
419,0.337544972729822
420,0.516707753627049
421,0.29622865868442116
422,0.3245875648791175
423,0.34049323773929596
424,0.4861779042388342
425,0.32345523345584026
426,0.2882005540014646
427,0.2623749747444126
428,0.2990536672316405
429,0.6453984635883733
430,0.3189552979328303
431,0.5513622403378489
432,0.3772531310219222
433,0.314338943876053
434,0.26693840905282357
435,0.2821061207418441
436,0.36061619655028493
437,0.45931424089263356
438,0.37715885244992786
439,0.3277501142916267
440,0.2883513954268178
441,0.30065137889357574
442,0.37722869578473295
443,0.47396397542784113
444,0.5443865854933717
445,0.41168088170961836
446,0.39857626674135715
447,0.4832127227491213
448,0.3891817966886151
449,0.30019314666726776
450,0.32675775938885776
451,0.5576280894400696
452,0.35626952342641666
453,0.317428609930503
454,0.4602003834412705
455,0.36656654384090914
456,0.41138421240192247
457,0.2925080397571399
458,0.2755725622161621
459,0.49670040722562464
460,0.3587973862990427
461,0.31768982860257
462,0.3015125523183325
463,0.35606431737550437
464,0.23628701003003724
465,0.2567585094110552
466,0.31183409079799823
467,0.34578796172421555
468,0.46618744665995776
469,0.3275406541474943
470,0.2400018586662083
471,0.2834206535896654
472,0.4768334005596169
473,0.2553170407982603
474,0.3922855090900493
475,0.3723529865036587
476,0.25835462394377623
477,0.3053234764149483
478,0.30524043638507975
479,0.3706442740162
480,0.38741629291777085
481,0.3574869259681504
482,0.3589327229359722
483,0.24395314404189747
484,0.3422654961431314
485,0.5141217556921286
486,0.3525503644314081
487,0.24185867168020864
488,0.3804678387742868
489,0.37321995244153694
490,0.30464625658077543
491,0.26491488131588614
492,0.26974170020307053
493,0.3890790078827739
494,0.2292547886082211
495,0.26848491900448496
496,0.45888824677126566
497,0.298774788435584
498,0.36930693351280847
499,0.31765027802274404
500,0.33479579545922034
501,0.32435590771898953
502,0.2983550630712762
503,0.2386852904923083
504,0.30240355217401077
505,0.35766140801393936
506,0.3826250263672999
507,0.33007978342488353
508,0.29543420331382336
509,0.41054225676533196
510,0.27739001932891977
511,0.24054530636895968
512,0.33092485330821236
513,0.27610152667324156
514,0.34143783519313375
515,0.3222243400030078
516,0.2890002161390689
517,0.354534174860949
518,0.44070459440799997
519,0.43046745790313995
520,0.30969548847056283
521,0.28519236862263964
522,0.36865628641109005
523,0.43528587994970475
524,0.5038585606016094
525,0.3342739247980602
526,0.3379986127793152
527,0.28652684488846014
528,0.2466456095139194
529,0.28263057850212203
530,0.2742735931897886
531,0.3123015021423449
532,0.3733681391561281
533,0.34055393342383106
534,0.35046150546577093
535,0.3987211830046634
536,0.3728944205640678
537,0.36214916636731986
538,0.3158632070899935
539,0.26939306462373025
540,0.35112750803194
541,0.38774323570932484
542,0.2361059463769328
543,0.34413839296872833
544,0.30042741851181703
545,0.5160892397787615
546,0.4237982781098245
547,0.4601838300420209
548,0.38278284398906415
549,0.2803687508335083
550,0.4325979475492946
551,0.3037612946469818
552,0.24264192284252256
553,0.34630332706485484
554,0.3406397595600434
555,0.28072604875437257
556,0.28907976622995585
557,0.3002150371756018
558,0.25942985980454086
559,0.3460471924678004
560,0.3709099514690622
561,0.4218561362697476
562,0.35221185331121596
563,0.32983669060080606
564,0.37766913358294607
565,0.3567079415275244
566,0.45419288180104544
567,0.3508353236945672
568,0.33519712939371277
569,0.39771775144551547
570,0.3507106409191285
571,0.406701084800074
572,0.4149060567909108
573,0.29470145667282266
574,0.33340227174229353
575,0.3480333188455241
576,0.3382143196112091
577,0.269195094571437
578,0.24759104643628146
579,0.3107740201506809
580,0.2700044128285285
581,0.2861701232012118
582,0.3260489981815744
583,0.28080528964668067
584,0.3988025599223952
585,0.7074968432118822
586,0.3064572442503301
587,0.3517665500233479
588,0.39585029726014787
589,0.5630687808992783
590,0.3235345963243512
591,0.3836562865826377
592,0.402475118340082
593,0.3334663015134911
594,0.2929967531083716
595,0.3159776091703473
596,0.48486828294140516
597,0.32431152712022276
598,0.34069821948155954
599,0.4425096880599642
600,0.23576634205394098
601,0.30245167609247314
602,0.3895744293139548
603,0.4212915157251642
604,0.3749744451078176
605,0.34218556054353916
606,0.32763495057247766
607,0.46036230998485644
608,0.23360276107980296
609,0.46276284600220524
610,0.40633360186888456
611,0.3686056384597854
612,0.34188171065094314
613,0.34305236699937136
614,0.46814523221935483
615,0.4545027646108525
616,0.2813489847807022
617,0.2945733118590255
618,0.27404213254403
619,0.30956235444234503
620,0.3037237520015362
621,0.2811977498806055
622,0.2749097289744866
623,0.29649419402830074
624,0.4428010453290479
625,0.276712681065942
626,0.29103101006289206
627,0.23717091892935235
628,0.41784606469553837
629,0.4008196205968297
630,0.3492964796675192
631,0.33081168700295827
632,0.3435418295704485
633,0.31816627676891224
634,0.349876059108386
635,0.2665731434029102
636,0.30097058435942525
637,0.32047628749555324
638,0.27979035834941746
639,0.4002181297828793
640,0.31939888218254825
641,0.3510157840113518
642,0.30587471285298934
643,0.3158813442917044
644,0.3109871482356273
645,0.3505500578009648
646,0.31982662626641367
647,0.37591114374798584
648,0.325049105605784
649,0.46924795067464586
650,0.49538608554093844
651,0.3101808824968281
652,0.2629282898150214
653,0.4088185670151628
654,0.25150387538079333
655,0.32571575592034385
656,0.5668153707685039
657,0.5336001762212871
658,0.3758553934451199
659,0.45139668633533553
660,0.5373647143478333
661,0.2259696662865177
662,0.3596995333984202
663,0.3382632766992159
664,0.3928058394238412
665,0.3294998221393611
666,0.33515611589072963
667,0.31776577663307415
668,0.3426940749768112
669,0.29223156317863
670,0.34641326666350397
671,0.3608747001766856
672,0.3098059599564574
673,0.3322214585015274
674,0.3602827280639107
675,0.32046044734972184
676,0.2431421592606143
677,0.26948243483638296
678,0.5055336684089061
679,0.3790077512432218
680,0.25929314420200794
681,0.3599694279945293
682,0.3511720788613339
683,0.40594727222131854
684,0.28955128729908347
685,0.29039832246243735
686,0.43495861049867857
687,0.42971368040247215
688,0.5230039611884504
689,0.27983537589299784
690,0.36071847997168155
691,0.24720511109543072
692,0.4494627858243338
693,0.3648514945200335
694,0.4408874855206652
695,0.26959568521766275
696,0.39250860115886377
697,0.3320242264511745
698,0.32176147138872135
699,0.5430679408114042
700,0.5229423989745466
701,0.26463844579530893
702,0.319819324967162
703,0.3752160480533215
704,0.2570379431532351
705,0.2398840490354139
706,0.31913766076911804
707,0.290617121598991
708,0.31208556513155256
709,0.408931252245033
710,0.3487699324900317
711,0.3428699921750904
712,0.29389382454940766
713,0.39694220073767034
714,0.30296280375934215
715,0.4516251063840215
716,0.33720536697266096
717,0.3235496513011683
718,0.30058866682633656
719,0.3768380603313905
720,0.4215604883756758
721,0.478450643283889
722,0.3054318441788225
723,0.30050525365297226
724,0.3602680361837862
725,0.3330778258741584
726,0.29853827498870283
727,0.5022384793742325
728,0.30754005967129644
729,0.31501044586376187
730,0.3213266430861664
731,0.2807670457133654
732,0.32163082067829385
733,0.3475771330875174
734,0.5593914723668618
735,0.49094785897042187
736,0.27036369146831163
737,0.22958950799745573
738,0.35920902958248835
739,0.31809182475433484
740,0.25732185852998024
741,0.32991083602873505
742,0.34278349509503975
743,0.32574346362385903
744,0.342579848434151
745,0.315351322414943
746,0.3374871957518716
747,0.3639709518606083
748,0.3830533498678512
749,0.5623809891976499
750,0.2979182719049831
751,0.4771834242915213
752,0.3372275468683229
753,0.32596439157277357
754,0.36630398424486865
755,0.25860550874963606
756,0.34529539065778775
757,0.28474949809468714
758,0.37549112352303826
759,0.4231398610948107
760,0.4011854461732864
761,0.4710003892220749
762,0.4830812996854515
763,0.3396472210057196
764,0.38771087821961786
765,0.2554432151547652
766,0.45945634856908885
767,0.42327703956740653
768,0.6036109879364677
769,0.26923123871087795
770,0.2767454022926014
771,0.42783871718356603
772,0.34491676356476564
773,0.42953214478974605
774,0.26311818405372633
775,0.320389879310721
776,0.3427481941001497
777,0.2574402888799138
778,0.35333168704461343
779,0.32778787551390465
780,0.304349732174761
781,0.23718657056675038
782,0.22569061371706187
783,0.31584194622405753
784,0.26639600500508026
785,0.30142669972974556
786,0.5810515553223213
787,0.30317885813331813
788,0.3692330299103687
789,0.33167024090677877
790,0.24827924739331103
791,0.28797275183280735
792,0.28512173645804467
793,0.3389347810649986
794,0.49326896266877557
795,0.32325253146526284
796,0.31884975906133906
797,0.2441435995538761
798,0.27740042206087345
799,0.42367692190140005
800,0.27321337990502975
801,0.2286956513534274
802,0.5063225871763629
803,0.41845046009386
804,0.29924397864555913
805,0.3759324115078657
806,0.3441408666003835
807,0.29716485038716284
808,0.2870683652862224
809,0.36955535321502264
810,0.297436964571147
811,0.3639726196802743
812,0.4205568910508373
813,0.2775461200340269
814,0.3397846434614265
815,0.3304046814272385
816,0.48689331029160543
817,0.3641010264215338
818,0.4116800035990011
819,0.3422251558442076
820,0.3749611486097278
821,0.4294628636257469
822,0.40970035623858286
823,0.3050304839429349
824,0.30511947521727106
825,0.30125546415561794
826,0.4076275291533445
827,0.36809723927316745
828,0.38029442012321035
829,0.2960109091705511
830,0.33329096351572624
831,0.31465148915530217
832,0.36794705530558824
833,0.28401939498648626
834,0.44260887527384574
835,0.30867025364258893
836,0.4543368032327615
837,0.3390372965592358
838,0.27267429418572253
839,0.5159808239980715
840,0.28149809253685415
841,0.46430912465205254
842,0.3132531252744343
843,0.3795158304227858
844,0.37363049982114344
845,0.29839297652418667
846,0.3490956126698865
847,0.2909224597882359
848,0.2806199153708464
849,0.32491534349470735
850,0.3550090168506384
851,0.4128037422761118
852,0.30654055130124463
853,0.3587351471909574
854,0.4637382008682453
855,0.3985281327925323
856,0.5379189750951597
857,0.27906665721775487
858,0.49868136045507244
859,0.3737643255598748
860,0.34867116984229385
861,0.4470819642618741
862,0.3013289337659819
863,0.5008438464371362
864,0.34201408680330025
865,0.25319905721370944
866,0.28161486347993936
867,0.2669981386383384
868,0.4598447666760461
869,0.4324445034577925
870,0.2879953591267531
871,0.3449613842227916
872,0.3936873451583408
873,0.37574610509899137
874,0.42669890486668094
875,0.31702689070870427
876,0.3530748724382209
877,0.2539615105623501
878,0.2473533344167548
879,0.3278641835254014
880,0.290121568019507
881,0.4070229597929288
882,0.23756905154731822
883,0.3018603975794853
884,0.2596891750824702
885,0.4646643341170177
886,0.21062163536573253
887,0.35594975875076695
888,0.46517930743451247
889,0.31833084424682145
890,0.35913396790915186
891,0.3181495795902297
892,0.4067240836723559
893,0.278021571561138
894,0.37660633108386155
895,0.32734183803401395
896,0.3772339061656014
897,0.2456300176455888
898,0.4904846362588311
899,0.36804359785142393
900,0.3157717178374016
901,0.29369694101405697
902,0.3893950684006115
903,0.3713601363655342
904,0.32349188090857384
905,0.2876060672272503
906,0.2771907711904912
907,0.508197760964988
908,0.2830196337562969
909,0.4436349427169053
910,0.3354286155109531
911,0.3835517380714906
912,0.4789484754125674
913,0.36691810014990467
914,0.39585365158926733
915,0.4100878453786174
916,0.31343732327460083
917,0.33559782740556826
918,0.4783486413172382
919,0.4213592163477089
920,0.3513988503008344
921,0.2786756922449337
922,0.3376255335591493
923,0.4092025604118315
924,0.3328152737140367
925,0.3940106549255319
926,0.3015849590643453
927,0.3240599640537518
928,0.2823975334335975
929,0.38690117828530995
930,0.3054748733522277
931,0.4006595025212998
932,0.4872766879143782
933,0.3867265451883081
934,0.3315208755572116
935,0.45917527171145084
936,0.3260799346651496
937,0.2841258467798454
938,0.3601683021180249
939,0.3699168004981965
940,0.27114704971469944
941,0.24445482993548864
942,0.30986784503052056
943,0.3846458032511256
944,0.34440334537732187
945,0.30558517946596153
946,0.33782784843983
947,0.37596808416756605
948,0.28255177645302
949,0.325270081118098
950,0.6584818938930962
951,0.4389563550735067
952,0.2838132521932021
953,0.45397249724242333
954,0.24622561478000698
955,0.3033402549983783
956,0.3188607288506354
957,0.34645965533333745
958,0.4002200049169312
959,0.2593042904050894
960,0.29193127689542386
961,0.3395255297232755
962,0.33393965968943284
963,0.3945595526864446
964,0.2565194916767957
965,0.42177397691291685
966,0.45608692845801135
967,0.34372841113568436
968,0.55059541181209
969,0.2823014320047513
970,0.44149266090036915
971,0.39630537651812237
972,0.31185046377883013
973,0.372370395453058
974,0.26911773361186175
975,0.25540806955002165
976,0.2677619904844625
977,0.29036243958584046
978,0.6530158582989786
979,0.6048143987547552
980,0.395717441368044
981,0.26326766484084924
982,0.22903256299463076
983,0.339750029414077
984,0.32187146608020367
985,0.25731885377932
986,0.24214785365276464
987,0.32574793480029596
988,0.3510189762121417
989,0.4278218366179467
990,0.28796961393668463
991,0.3397993618478414
992,0.31718926320689556
993,0.2697973689232106
994,0.58757360009628
995,0.39592155148842456
996,0.29732213537395785
997,0.511855522844852
998,0.4326168365706473
999,0.3940225068267144
1000,0.34877442144183424
