run,Average
1,0.3380040466629696
2,0.42250607669751844
3,0.28765531824720186
4,0.3432712587669877
5,0.31861632835730747
6,0.29397491459039593
7,0.34470288620712447
8,0.37139835659857956
9,0.3455004613464684
10,0.4517938065857324
11,0.2638070803987898
12,0.48548200573790773
13,0.28668297130505577
14,0.32593701914631884
15,0.2966267915563529
16,0.3724432851085232
17,0.3033154039962468
18,0.2808812661957515
19,0.4078770633648229
20,0.4047951928383122
21,0.31843232942965494
22,0.40220660254845764
23,0.5021588067411205
24,0.3214532215737451
25,0.36218965789485835
26,0.2718303601614671
27,0.2942185377093774
28,0.3081658391271779
29,0.4488637923725123
30,0.3927069724653676
31,0.359338179888187
32,0.32779955350719264
33,0.37204444983641144
34,0.27588198049516044
35,0.37237426032196663
36,0.2849181913998508
37,0.28338743915142806
38,0.3315917893195088
39,0.35544967636891767
40,0.4433625276247211
41,0.40915589763629867
42,0.33259612938054234
43,0.36692049471649685
44,0.2588361107938546
45,0.33229215761264513
46,0.28208911980725804
47,0.3907092850474013
48,0.2737590472835057
49,0.5345397698340314
50,0.4245903804732302
51,0.36525534097234574
52,0.3106971146367366
53,0.3160841950281642
54,0.306415260166703
55,0.35279618205753877
56,0.3950249043295101
57,0.3417633818913713
58,0.2787334422344557
59,0.4036506794143875
60,0.28654964945173295
61,0.5589246093244931
62,0.3320933998733584
63,0.30010692250952825
64,0.3902282338689431
65,0.40149720545556894
66,0.39080273073818766
67,0.3139980672076477
68,0.3093110751453458
69,0.2629823269820627
70,0.3610588280860032
71,0.35869565083887645
72,0.5327981036837782
73,0.30618938233725473
74,0.4892628857063232
75,0.39262059322496423
76,0.3300722530896347
77,0.3730739594905585
78,0.4287556441016264
79,0.470059057306376
80,0.37789981976537895
81,0.37028506979369297
82,0.4605192824045809
83,0.3292834404388612
84,0.43886489981888294
85,0.28653014421979534
86,0.3708188812918995
87,0.32308437310268706
88,0.22778146469129773
89,0.30206862575756266
90,0.37186855827010035
91,0.5786330480866889
92,0.3801051574784042
93,0.3141234102237908
94,0.3443380993493015
95,0.3524635693030358
96,0.38365439007268104
97,0.3016682184776917
98,0.4904757258834407
99,0.42878983657810665
100,0.2661303814128151
101,0.5291924984206445
102,0.4701952474830157
103,0.28663347613184265
104,0.43075179105118044
105,0.3947854214439146
106,0.33611745406533106
107,0.3780324116668433
108,0.30160739422446703
109,0.38796014123655215
110,0.3215668724878618
111,0.3308963733640313
112,0.3688926306558578
113,0.25679917003015146
114,0.282537321018075
115,0.2394129011782451
116,0.46973363390528744
117,0.2991528802003199
118,0.3066018096298979
119,0.2803887445158444
120,0.44397117387468543
121,0.40536290763801136
122,0.32264013501211686
123,0.4105488687278108
124,0.35061124430850926
125,0.36403404840308995
126,0.3940194167258616
127,0.3990057124366095
128,0.29372130804646623
129,0.29071457024019776
130,0.34550664228506067
131,0.44051825665466265
132,0.47718683542606005
133,0.3687781560652053
134,0.4305893388204729
135,0.26781504284504976
136,0.30634664685270346
137,0.33064582144833987
138,0.33490038232783875
139,0.3290339021595388
140,0.35999345094229257
141,0.34059139388005
142,0.34037289210182187
143,0.44582897013253714
144,0.3198269272044843
145,0.28265451743518244
146,0.4273367410521391
147,0.427150613626049
148,0.26394837826199025
149,0.3162089976789244
150,0.21358331506211425
151,0.343425854307152
152,0.3152339917089249
153,0.3240060647495861
154,0.46620619108074113
155,0.29421965426594443
156,0.23841292034204217
157,0.3220275509985771
158,0.26266897687990565
159,0.30468516708767474
160,0.3016751048783356
161,0.5811859285551015
162,0.3768111658530321
163,0.31108367564043293
164,0.23194176123651067
165,0.3782124365147684
166,0.23756744041336977
167,0.41628653377223573
168,0.24247038279211797
169,0.29262709811998566
170,0.37894372117221264
171,0.41762122141364644
172,0.3665358770805612
173,0.37972694425144843
174,0.3313476917863191
175,0.31240783601161676
176,0.4013538890149144
177,0.3971125288723879
178,0.31045619542246405
179,0.2192279646488985
180,0.2827590533079616
181,0.3145717688055108
182,0.451906235559042
183,0.5075002932970527
184,0.34157505118995707
185,0.40797894207485114
186,0.2777523803672089
187,0.36174288001699284
188,0.48127057035914245
189,0.316702778575818
190,0.3525912879852937
191,0.4573917680992211
192,0.3054182437672314
193,0.3510817773187234
194,0.29497707368300546
195,0.2535161446256784
196,0.2948390218638113
197,0.4160414341456721
198,0.2757229086867109
199,0.41659741999339545
200,0.3007630947261011
201,0.3138455717065835
202,0.28024480871706836
203,0.35527910782088074
204,0.24680214347045384
205,0.5454736404427729
206,0.2755552812878189
207,0.2556003276244918
208,0.36524787203554193
209,0.3212339567833621
210,0.5232929117746155
211,0.2692820415735955
212,0.2900564371866791
213,0.409368263230915
214,0.453819658572591
215,0.35685384145973476
216,0.44281402167744105
217,0.41248867595706523
218,0.4161575047194007
219,0.27440983661110935
220,0.4159275320560535
221,0.3781889663954731
222,0.30067267901200057
223,0.4289996098849835
224,0.2984644822259136
225,0.3329265716375739
226,0.3494640183440149
227,0.41481153650854896
228,0.3045424509032394
229,0.29351372274064474
230,0.4017011157280904
231,0.3625340744586586
232,0.32599621365598597
233,0.37750761779864417
234,0.3647865338002759
235,0.3523677473788725
236,0.44013406929322535
237,0.42217441527080263
238,0.2862562047237535
239,0.6121529408457366
240,0.4838265781554786
241,0.3803400558587393
242,0.25867107194886924
243,0.5708513632559371
244,0.24622764196897612
245,0.27145099970318665
246,0.29370302218220745
247,0.22334246114681677
248,0.27592457314875307
249,0.3453422017114751
250,0.34942981364358106
251,0.31731965579885
252,0.2619586349932116
253,0.33319328069786747
254,0.3777863415040225
255,0.2567032116989391
256,0.4245970686206735
257,0.3424179992631664
258,0.39630750613936966
259,0.47116006052319565
260,0.43541950947193686
261,0.2702969863369173
262,0.3646418082959892
263,0.4593500693069416
264,0.31722729894644597
265,0.2732986031610708
266,0.32235202040106054
267,0.2897896464267622
268,0.2919515964337268
269,0.3876127134846716
270,0.2786895009247805
271,0.2690849578601042
272,0.31878817565788875
273,0.2716601561320443
274,0.3290761733181859
275,0.3941455273942322
276,0.33829787955943114
277,0.40748319968259683
278,0.5233576258697631
279,0.40956261824407986
280,0.3801887833919742
281,0.2808373630092884
282,0.3363105990247033
283,0.23509411243693912
284,0.2463739655056956
285,0.42411130615844217
286,0.5638008113769875
287,0.29930491461890746
288,0.2742767534634223
289,0.4597834212593251
290,0.29357047213403337
291,0.2960828435121088
292,0.3948007788202717
293,0.3316141218027238
294,0.297993964633102
295,0.3138919144861023
296,0.366711769095036
297,0.38513157103028195
298,0.37447581276628034
299,0.24478403834320814
300,0.3662969962634053
301,0.3981556178093811
302,0.41245716377366703
303,0.26194326678207946
304,0.33123718942491953
305,0.321607986650296
306,0.26779702676973227
307,0.41132817752510376
308,0.26138639846776385
309,0.5508266876831202
310,0.31360757248043314
311,0.2615014781371498
312,0.31259673317085906
313,0.2970252881717518
314,0.39668666294826926
315,0.37827547712182585
316,0.27186067651207
317,0.5594577214723033
318,0.40660142005228406
319,0.3034392415318064
320,0.4398712526574773
321,0.3497114940456089
322,0.36766920133777536
323,0.4675067103644636
324,0.4341605536949574
325,0.23222251536081956
326,0.3269210182491105
327,0.2880322718260196
328,0.284327394406377
329,0.36139892844406607
330,0.4894026951238875
331,0.5900958399837938
332,0.2923694896462816
333,0.3654421016813719
334,0.2426762893165133
335,0.30422552178236384
336,0.35863024113130676
337,0.2798977307604881
338,0.4270491240779308
339,0.36326753400495265
340,0.3970227687562303
341,0.5618827163924821
342,0.2750752734311535
343,0.33570493949867203
344,0.35413968757507
345,0.41656512891330993
346,0.4359263733127024
347,0.311310557113351
348,0.3536716328526507
349,0.3899768704582301
350,0.4426808347029264
351,0.3395176504749137
352,0.3053736818781476
353,0.2691851658496302
354,0.3284974302904408
355,0.31187677797066204
356,0.2855632811935312
357,0.27036011067153737
358,0.4656467911339592
359,0.282935288814359
360,0.44896948748221355
361,0.2548433914016824
362,0.33362433183662227
363,0.29412842590621774
364,0.32697432847964364
365,0.28868905793477934
366,0.4137980082051775
367,0.3021029799820979
368,0.37489566621366965
369,0.3377001581435827
370,0.2936080978767559
371,0.3100948955675188
372,0.4924004894472799
373,0.39743365727263674
374,0.3869549577009267
375,0.344990794532034
376,0.3689663371985802
377,0.34928989761842233
378,0.24994089804321348
379,0.3197184781733708
380,0.344891116438342
381,0.2847730597495371
382,0.37459138648705725
383,0.3223909037813448
384,0.49450679352647864
385,0.37780052719565765
386,0.29937757417060434
387,0.49001024052869896
388,0.354712909354956
389,0.3865644228704866
390,0.3640050254540857
391,0.6038182473548518
392,0.26144211902535475
393,0.2942180059247393
394,0.3519669485666283
395,0.35293284086291754
396,0.3414947401076844
397,0.36686439446752206
398,0.3577742259687262
399,0.2946440716399914
400,0.44620774044747
401,0.3020672977692983
402,0.2748050454309527
403,0.2821685990940264
404,0.374669693586919
405,0.343116897233167
406,0.26775284699236274
407,0.4178714476614389
408,0.35622766517349874
409,0.41922538032569034
410,0.2968804627949739
411,0.463289819969177
412,0.37361607567484084
413,0.34312343815445584
414,0.35591798072867015
415,0.3335949891228404
416,0.25226965760606945
417,0.344765473456454
418,0.3666200687529441
419,0.2673054628744039
420,0.30176236626883285
421,0.4272246676592713
422,0.28738479505890835
423,0.4229139247468642
424,0.4250533063452396
425,0.39357348613118925
426,0.37933044285706313
427,0.2938798517211018
428,0.29095781529040665
429,0.32444121752415483
430,0.4260307608175394
431,0.2980544953025125
432,0.3276069305459737
433,0.5065079636548158
434,0.23789224252530458
435,0.37012428134841124
436,0.3878155200945398
437,0.30953825406025653
438,0.3351276834405257
439,0.3229048864715114
440,0.2708381915472109
441,0.317936960166421
442,0.47511694072351096
443,0.39866408381119445
444,0.4517979932173194
445,0.2739685222992758
446,0.36067014864319746
447,0.3831047195038603
448,0.4884459600380745
449,0.35099951614354763
450,0.27303460796902856
451,0.4306244541026232
452,0.405249853286492
453,0.4072952183478376
454,0.3772533241534032
455,0.38849465111039444
456,0.4173917291860206
457,0.34011839912354885
458,0.2549416522317893
459,0.3082509828842128
460,0.3855891711044846
461,0.3925176113985717
462,0.3469410602173393
463,0.26297642379775404
464,0.2709016318299979
465,0.36858139310588944
466,0.27437697177710374
467,0.2580442375815165
468,0.29136617465693665
469,0.387782143301781
470,0.29257772244384167
471,0.3776923833861695
472,0.4040247209486432
473,0.4025037337788968
474,0.2928656970660126
475,0.3173821947003145
476,0.2456589602809304
477,0.3575056418079069
478,0.3632656211559647
479,0.36165455900685806
480,0.42979916335371776
481,0.351305089398509
482,0.3412195247377074
483,0.3193266842293774
484,0.28959011699017556
485,0.3757380473170608
486,0.4754816695050193
487,0.34467182328813595
488,0.26761791103148685
489,0.3093086375229113
490,0.353592272950755
491,0.2687953371899845
492,0.4652735072188696
493,0.3603558873287814
494,0.27035335076567496
495,0.3068728577328539
496,0.37190516150937847
497,0.2802604225905775
498,0.42205675203442233
499,0.37986796503848325
500,0.36874193573687
501,0.4017648532721933
502,0.3073610708454306
503,0.24358005727883647
504,0.37006453786231525
505,0.24983141363346278
506,0.3165498486939864
507,0.43559426654154526
508,0.35426208509102614
509,0.30389673054146105
510,0.3683936075144391
511,0.3554330704223677
512,0.48775519800803263
513,0.3422178331692166
514,0.30113658046859515
515,0.34923637777389144
516,0.24583767011827556
517,0.33234541804270185
518,0.40379936123148863
519,0.3366895204674443
520,0.27830145364808784
521,0.40779598453206445
522,0.37307385322728753
523,0.37766957223377706
524,0.49068966171161027
525,0.31332089291000614
526,0.29046791258174354
527,0.3552956434356885
528,0.36377042316987745
529,0.28614678881827293
530,0.2901591964765536
531,0.35578435033893396
532,0.3158352116773929
533,0.2655615766338728
534,0.23630001970063513
535,0.49198425545689095
536,0.33860006073845533
537,0.336258299164742
538,0.3331765520658445
539,0.3404700327740229
540,0.33352024717611756
541,0.3084761238551967
542,0.5293844821226411
543,0.4877375560600443
544,0.5015321037257436
545,0.31149815635648914
546,0.40487221913836263
547,0.3633306543923011
548,0.2965342162984994
549,0.31136540066559154
550,0.40039909287069864
551,0.36137333881711686
552,0.23515016708124958
553,0.24508582843698926
554,0.3060961312944962
555,0.44038929590213344
556,0.24845625372331304
557,0.42243777768466195
558,0.26325966627317626
559,0.3912149295840721
560,0.3187685461351926
561,0.4829095101116256
562,0.2915961650712634
563,0.23899558717724625
564,0.45149217214153325
565,0.36066564248009575
566,0.25389066130345206
567,0.33692990058437167
568,0.40106546150631284
569,0.43292900244576793
570,0.3347292216361048
571,0.4428199692296765
572,0.2718671064654185
573,0.3887530489342955
574,0.4163515726104627
575,0.37678118586036435
576,0.33375378517275633
577,0.26747659598970963
578,0.31485906329438984
579,0.4183460276865301
580,0.3184853807899774
581,0.3332397218234151
582,0.30842411484264354
583,0.41145776833700753
584,0.351290337164033
585,0.275298177441207
586,0.30719944398697296
587,0.2757659200264304
588,0.29107318845459307
589,0.520983407144173
590,0.3937171579044226
591,0.25552846917423244
592,0.3697554445498317
593,0.3514423213092539
594,0.443741056229221
595,0.34248083826486264
596,0.619099486249991
597,0.26022854671077245
598,0.5095186546443148
599,0.3188215039872461
600,0.24585056147680803
601,0.3254620759431215
602,0.36713566542334175
603,0.4112363279809017
604,0.3168110843309015
605,0.27624196120135125
606,0.39853225531814207
607,0.37338417740382107
608,0.3066124886682476
609,0.3448682440084459
610,0.39823496038853723
611,0.27247838935786606
612,0.31495414472945205
613,0.284223989790878
614,0.23036291790456992
615,0.3645214327399261
616,0.42055020912192026
617,0.33890674371889334
618,0.31401338713596344
619,0.45456023594568573
620,0.2846609810643768
621,0.2570612240842225
622,0.3767511636422612
623,0.316783093560806
624,0.5040617528518553
625,0.2513862184578359
626,0.35385791924360094
627,0.528721495293745
628,0.280330722687604
629,0.27080558353066875
630,0.28367151748267355
631,0.42973834351652296
632,0.34395646178420003
633,0.30330311153413486
634,0.32130328529447916
635,0.3599036413162797
636,0.35145105658462017
637,0.27302550176345347
638,0.33295306418225856
639,0.3780334489336358
640,0.3054162691410136
641,0.31843407828251474
642,0.3894255480151111
643,0.3271273392731149
644,0.3065669097791405
645,0.2830848889572744
646,0.26191099074440205
647,0.28553349313159365
648,0.32273758634602673
649,0.39437348039756714
650,0.29343325648117013
651,0.4129930776628372
652,0.38501501529671006
653,0.3132614446136113
654,0.32582934006603276
655,0.3814165880415754
656,0.3174411056750741
657,0.44355862822773107
658,0.30779341304169205
659,0.45438744824944627
660,0.38580016401480016
661,0.4695827492823777
662,0.2831701657887571
663,0.42050655072817034
664,0.32092185854258615
665,0.4899717070871554
666,0.26977213982629045
667,0.44710992499919033
668,0.40764377492689075
669,0.38680764169460047
670,0.2997468428655638
671,0.3377288785242407
672,0.28231621271953594
673,0.3015236180659229
674,0.32849968961170456
675,0.3056621271945963
676,0.30972840962943576
677,0.24558793432925166
678,0.2596235023668032
679,0.37089915889201375
680,0.31565170460137176
681,0.23805706697678072
682,0.3360646098770224
683,0.3772754953794585
684,0.3543744978899578
685,0.2881666088709062
686,0.30222691013157243
687,0.3521910564380488
688,0.43661755714410583
689,0.27953804649063196
690,0.29279967879106117
691,0.39843638536976056
692,0.31930624890677345
693,0.36620864621324506
694,0.23211965501440043
695,0.32003059923194693
696,0.27864005643661677
697,0.5583850720376332
698,0.4766940986662019
699,0.3065326399484138
700,0.5398364537747776
701,0.3572353336390186
702,0.2692881257232525
703,0.3504402427625194
704,0.30432713416053364
705,0.25231680901961806
706,0.39791444279813104
707,0.2951904891656711
708,0.4478829594692788
709,0.622257961603797
710,0.3466059662343984
711,0.38131395994813516
712,0.27150168603540964
713,0.30624766006815557
714,0.432080131650086
715,0.4180394713139357
716,0.3594648354826156
717,0.2851092979231233
718,0.4029503814882181
719,0.2649159611691246
720,0.28503464011207014
721,0.35347901049522074
722,0.3100358289236606
723,0.3339060645908923
724,0.3558227249258581
725,0.46850755994918264
726,0.43857934409541977
727,0.5888909623570789
728,0.39141456733168445
729,0.5168857380575044
730,0.32815056356891364
731,0.5652357147023329
732,0.37598752765549753
733,0.3649045129637207
734,0.42257604144872
735,0.43001248544364695
736,0.44992229627492525
737,0.3119889319380902
738,0.37451789376120437
739,0.3641730647116076
740,0.2983510457969717
741,0.3925641132594607
742,0.2695096532787993
743,0.24335291585547905
744,0.39659529399319143
745,0.42156151848935725
746,0.43532774986078915
747,0.382124991051595
748,0.35988607935249445
749,0.40341986863232376
750,0.30429560901915575
751,0.29263756797782986
752,0.29018103325225864
753,0.324442079712621
754,0.33621549259421685
755,0.35918099466228265
756,0.351598131453286
757,0.3593615447953126
758,0.2945786475491385
759,0.45062029090747674
760,0.35345106986137187
761,0.3649810099370466
762,0.41586496802223444
763,0.34506298657950735
764,0.34087097026206853
765,0.3915498823180811
766,0.4226934653498114
767,0.308363244905878
768,0.5211827237996685
769,0.2540548979708928
770,0.3247769996235169
771,0.3094518039655824
772,0.40835707832459384
773,0.44540326322886986
774,0.3627022166752374
775,0.3502173147493543
776,0.42722572101610895
777,0.44154347790195164
778,0.341442904841884
779,0.4481370005141905
780,0.27939529043628897
781,0.3346275251366168
782,0.38869743688327507
783,0.3360708577280633
784,0.2619888390193611
785,0.32324789308628654
786,0.33777102153422295
787,0.37259769365365103
788,0.3414473945117708
789,0.3646022362770593
790,0.3110928225818546
791,0.31760611385330256
792,0.3038353978244172
793,0.3185820385230604
794,0.4013637730057606
795,0.32006477808168854
796,0.28712994090961913
797,0.27419252266036787
798,0.2862019517014186
799,0.2848806383639135
800,0.2800525768255196
801,0.25837897573478197
802,0.5049443096624107
803,0.28569182801283227
804,0.37228888163822843
805,0.33679778748752076
806,0.3585271693689927
807,0.37672851235660965
808,0.30683606791880075
809,0.35058556254425355
810,0.5548237776223173
811,0.2622111002927783
812,0.39507255670055963
813,0.37237609796027044
814,0.2678783394950294
815,0.38335216901497526
816,0.46064755997306256
817,0.49655050639478715
818,0.3772246841142684
819,0.3391357275943256
820,0.3578209441376506
821,0.23757432844968665
822,0.3315450211418528
823,0.25136821744403076
824,0.27581712404976116
825,0.2565551425019986
826,0.33909945784635825
827,0.3078231058571283
828,0.2741952046035968
829,0.2786379775044031
830,0.3192907370724281
831,0.3868324767403725
832,0.437951042636858
833,0.2762747070962842
834,0.40378666414884556
835,0.335330280374184
836,0.34609495021268644
837,0.4286855603284245
838,0.4575780123035295
839,0.5640672412877443
840,0.4081451840707463
841,0.40130551187476154
842,0.30886778814544785
843,0.3928272542875578
844,0.2735721614168429
845,0.3600327388419034
846,0.4325806585980905
847,0.22850952988515336
848,0.3497741190863693
849,0.26334237200301214
850,0.38403078714359234
851,0.3480213780734622
852,0.4234493302327366
853,0.315637831106636
854,0.4161444841724634
855,0.3459427908883105
856,0.4568552588025271
857,0.3854883618740559
858,0.3740057129193332
859,0.36227537179997665
860,0.34796120550099024
861,0.405277090869
862,0.36178835858236297
863,0.420418811390164
864,0.2956650220380145
865,0.2686362029266923
866,0.46819643114317006
867,0.27703230610070445
868,0.3473519888268545
869,0.38330997528163113
870,0.22111621482675142
871,0.29591272078729763
872,0.29898213774718774
873,0.33555883751799487
874,0.353171631843235
875,0.4074281208990401
876,0.33139208028971323
877,0.47404506658951695
878,0.32063196475185723
879,0.48687724495114054
880,0.266159959113224
881,0.3460906696763969
882,0.3415761213175864
883,0.35824446564489476
884,0.324655960682723
885,0.36167551426831174
886,0.6526186273816199
887,0.36009266629038905
888,0.4422475719560861
889,0.4161671593564358
890,0.35720355522037794
891,0.3990130034987147
892,0.2617753377758511
893,0.28064427208872256
894,0.3809409776251744
895,0.29914966549515226
896,0.34493976560864203
897,0.23877257085048054
898,0.31391329713876964
899,0.47524438951669323
900,0.35731550571842896
901,0.29553121581692293
902,0.3008198862419732
903,0.2923849696826102
904,0.32671091519394774
905,0.25443742505033656
906,0.4290672018948485
907,0.33365448271080517
908,0.2705837858390008
909,0.4007653311440036
910,0.3079654684172529
911,0.29161677168800076
912,0.30719873080130833
913,0.406507186695925
914,0.4508758144705756
915,0.28920387445940676
916,0.28695289673446933
917,0.46709051222817477
918,0.3175895872487948
919,0.2995636713626708
920,0.35126756838845824
921,0.3054687558518095
922,0.3192307855491742
923,0.410776314695716
924,0.3874573830608751
925,0.27360461997968666
926,0.37885917519884327
927,0.29148483001293896
928,0.2696127438279674
929,0.3590168518764915
930,0.3903009080965668
931,0.2735123568116753
932,0.3815586943654672
933,0.3677338764472177
934,0.3563718748407955
935,0.35632332675370576
936,0.4242389085016503
937,0.23005201644282045
938,0.3757508256871305
939,0.31303551705592003
940,0.3178178739156058
941,0.41101157742791583
942,0.27382506149468483
943,0.32853412159386824
944,0.38987208781177385
945,0.2960468995180695
946,0.35575625525284615
947,0.31170429440515574
948,0.378460629829661
949,0.41257230876365375
950,0.3673820078330318
951,0.3140776723567861
952,0.36336224160347436
953,0.4719765341321914
954,0.23196165714363798
955,0.4001785898739096
956,0.2659723930271452
957,0.5121063458636814
958,0.3450865741696014
959,0.31723805125888715
960,0.243839476748713
961,0.34387039584370344
962,0.3909620109080527
963,0.2645279187227658
964,0.29598570682449477
965,0.5364390343452949
966,0.3782843663666278
967,0.23749818549522456
968,0.491751197905354
969,0.38403133073384405
970,0.44933851764166277
971,0.3687792173321701
972,0.3630714587041615
973,0.29601730325707604
974,0.37419960992498136
975,0.2981108984525937
976,0.3193014875270107
977,0.41255793881543196
978,0.4642085491077524
979,0.4277009272943471
980,0.48621708787258144
981,0.5323164064620854
982,0.2292423087963487
983,0.3669990832218228
984,0.47809749617670433
985,0.3837494501014101
986,0.34661467598516016
987,0.2917112910326114
988,0.25125685061541697
989,0.3456985587461609
990,0.2660781604150408
991,0.49556271691635834
992,0.30599798278658935
993,0.3059439913270626
994,0.31744645535052024
995,0.2850163727410765
996,0.4308232817271259
997,0.4843322217108702
998,0.4348825205690902
999,0.3789108917932683
1000,0.2847500950810578
