AUCPR
0.37786071198609894
0.37818122480661176
0.37818122480661176
0.37589588243506245
0.37818122480661176
0.37786071198609894
0.37818122480661176
0.37786071198609894
0.37818122480661176
0.37818122480661176
0.37818122480661176
0.37818122480661176
0.37818122480661176
0.37818122480661176
0.37818122480661176
0.3685954259900437
0.37786071198609894
0.37786071198609894
0.37818122480661176
0.37818122480661176
0.37818122480661176
0.37818122480661176
0.37818122480661176
0.37818122480661176
0.37786071198609894
