run,Average
1,0.35124520542362886
2,0.4497316791634526
3,0.3532110934695875
4,0.2807619701186163
5,0.5515502578031214
6,0.33390796770632125
7,0.34234512894857244
8,0.49770861925694876
9,0.4060781514496477
10,0.3266194715946311
11,0.4532936187913637
12,0.4839804149271701
13,0.4528085930897013
14,0.3318665860591064
15,0.3548482268777108
16,0.4899401838551868
17,0.323440732053295
18,0.3844671998837698
19,0.4443549394657601
20,0.4201836203681218
21,0.2654965753653818
22,0.44368679504060415
23,0.4492971661849396
24,0.32828789706016026
25,0.32456278955909457
26,0.30157562381068237
27,0.28974937167517295
28,0.4256381304070427
29,0.2915784090273082
30,0.34487512370862167
31,0.41555688309557437
32,0.3978438898373012
33,0.36112300038808215
34,0.4152263801821709
35,0.38824644603328917
36,0.2960961982038505
37,0.5374910782763265
38,0.31847992929902913
39,0.3821150733117251
40,0.340368437864099
41,0.35886781868825396
42,0.2529031838181373
43,0.3332154968788112
44,0.2993467789312475
45,0.39681085680503686
46,0.36275689122201704
47,0.44889153520621367
48,0.3142933252601524
49,0.4034340280129517
50,0.3546923909752297
51,0.40392995633332374
52,0.47650447677480345
53,0.37030842952324106
54,0.40994832870001296
55,0.4872347243406204
56,0.5544009139928795
57,0.51463165408041045
58,0.37396930488172425
59,0.45525896712693115
60,0.47449663590068747
61,0.47282514674295467
62,0.3563479161613598
63,0.41364846339226075
64,0.34992895239640975
65,0.5859050579231002
66,0.47644741378584454
67,0.4320897310946353
68,0.43605174297431415
69,0.27439358811263004
70,0.2547355970402426
71,0.41748555717324476
72,0.418869539634048
73,0.33025335802857014
74,0.27361425914550297
75,0.3113684684758479
76,0.44562048131009935
77,0.285417200951616
78,0.2687095374302528
79,0.28436192778107616
80,0.2767333523327285
81,0.3442868045772683
82,0.44135967684879357
83,0.3768498384108685
84,0.6895771569527048
85,0.32721828184137375
86,0.30855898350855343
87,0.5461146104384366
88,0.3262019193256476
89,0.47408011527900795
90,0.29841440727179236
91,0.42730542802243354
92,0.4631186733947549
93,0.5023820114715968
94,0.6181393657962682
95,0.5512888056579437
96,0.561052786661037
97,0.3618615562511285
98,0.36043372886640423
99,0.3852287848148889
100,0.46973642308720787
101,0.3288422421750588
102,0.27736359519876236
103,0.28756408090077157
104,0.3410657742702451
105,0.41289983319987394
106,0.3600409437159896
107,0.5248013158142683
108,0.8202837730085011
109,0.3794233008951312
110,0.40875649464495994
111,0.30438125155708534
112,0.38333019216335895
113,0.481212474676557
114,0.5222289100330171
115,0.4063154202242496
116,0.3908893674270648
117,0.4196752577313838
118,0.35025595252670055
119,0.3643515993185857
120,0.2823727440472718
121,0.4967509267240441
122,0.24611685175454417
123,0.27148896745811696
124,0.3626608089891384
125,0.3818336943206512
126,0.3001085564901438
127,0.26369937629808077
128,0.3530605403580983
129,0.5416872761862181
130,0.30618156033768146
131,0.4416466873424659
132,0.6074496100807784
133,0.3927564551470455
134,0.31329875525933243
135,0.39128353056491655
136,0.3389394573770791
137,0.25877548380730486
138,0.4485522666409838
139,0.29620410469958314
140,0.4847934705200291
141,0.3864183491974639
142,0.3042073596838162
143,0.38862086937733514
144,0.42736327582980455
145,0.37698382416221365
146,0.4288694303219481
147,0.43131356013760735
148,0.35048924208147236
149,0.2880450751631163
150,0.3316841019021879
151,0.45433657863945176
152,0.32867572994002636
153,0.27738171236103176
154,0.4779803359853939
155,0.5813269156954329
156,0.34130555804535345
157,0.3288469465295306
158,0.40026099779410723
159,0.3959283062223613
160,0.32782548862904165
161,0.38399944599627145
162,0.4766846676953772
163,0.46279728010935806
164,0.3321369990919577
165,0.4096172504267112
166,0.37765401750668526
167,0.34381074669294337
168,0.38944821722158585
169,0.4181093501685771
170,0.428506838380088
171,0.4039700586408909
172,0.3807241524673065
173,0.32364720897548266
174,0.3017425995212921
175,0.3888504172361893
176,0.4168324167065137
177,0.34624697166558
178,0.29447893361510347
179,0.41530873617679775
180,0.26563522741693163
181,0.45650905926992685
182,0.4128069324231345
183,0.3437226826488398
184,0.45416625182512327
185,0.3460489139486168
186,0.40958546970703563
187,0.4749942707697921
188,0.48006373116087514
189,0.3663097166882024
190,0.43542724058445054
191,0.46214450489085873
192,0.3690808162806636
193,0.3644378251896686
194,0.44373304523812845
195,0.34998715974872896
196,0.26905508235009884
197,0.406810639692964
198,0.3121608147938252
199,0.3412468092800211
200,0.3350522479622213
201,0.5801028994196468
202,0.37774104669150393
203,0.6778306243598721
204,0.47734398909264936
205,0.5062450017331296
206,0.2688084223375523
207,0.3324097800796387
208,0.37126103232538
209,0.3960088709567347
210,0.3114997638403737
211,0.5880193529843515
212,0.4242960647180004
213,0.4909053519137642
214,0.37264117553646187
215,0.4598327880366368
216,0.4971794689064316
217,0.25241351154538505
218,0.3994670440647076
219,0.3437588997228969
220,0.31974616677403755
221,0.5062871078987828
222,0.37327230248721
223,0.4319934180466883
224,0.3152959445874733
225,0.3858225484389726
226,0.3193180857547719
227,0.32121299408564785
228,0.5804227952320182
229,0.2808603989573655
230,0.3837735604780884
231,0.4556733451821392
232,0.4512650976800118
233,0.40956979827439927
234,0.2720785586786429
235,0.4246058530467209
236,0.34203150554054773
237,0.3303189172448253
238,0.28280847154749966
239,0.3704852563910125
240,0.3638791544189453
241,0.3889457589400779
242,0.38492996006699093
243,0.3897383575760318
244,0.44848497125164616
245,0.3525968714780319
246,0.32228792178216764
247,0.33697644703022317
248,0.4671313503598282
249,0.378053422077692
250,0.30569652017381194
251,0.3791930761453009
252,0.404660478595325
253,0.37217141634509987
254,0.3122743881369858
255,0.40094035712667636
256,0.5260673054386172
257,0.45939982871716867
258,0.3782907075351511
259,0.48688522421021435
260,0.4395885862103062
261,0.44057480343647437
262,0.35280245376066044
263,0.6818114851307482
264,0.2742727337785097
265,0.4021834190613537
266,0.2847350096752988
267,0.31585021213335934
268,0.3262579007665722
269,0.40420523116685025
270,0.41341240568576315
271,0.3352918586797289
272,0.3983777123180698
273,0.4307553222997372
274,0.30244423607194587
275,0.4250025715994717
276,0.3251799942060423
277,0.3521115710626466
278,0.29289568882978584
279,0.48391468813390826
280,0.45968555628367075
281,0.4512354183245241
282,0.36027122800791966
283,0.5160774125452395
284,0.316446169234308
285,0.5992941221413126
286,0.36605732495094767
287,0.46116980788605166
288,0.25765882144321145
289,0.36256653518949516
290,0.5222850419386365
291,0.34687946643221035
292,0.5128795659759379
293,0.3989515891457335
294,0.2866294175202217
295,0.4148445967129235
296,0.6060465612128031
297,0.3303796088797076
298,0.3755918687642493
299,0.34684920005508296
300,0.479689191005181
301,0.40635635200326775
302,0.441094647257008
303,0.395290555081883
304,0.30942518472592745
305,0.33791201608764587
306,0.30397857660678784
307,0.38523721958197177
308,0.5058813856235685
309,0.36968493674711145
310,0.3502288163210653
311,0.4543710235047422
312,0.3262839603263255
313,0.4156833925630582
314,0.3516816955106424
315,0.4443221541271059
316,0.5484928442625068
317,0.46074745300580955
318,0.36760829434585013
319,0.38648224838556644
320,0.3539478748899541
321,0.3614056970776878
322,0.2857008735828752
323,0.44226556225348534
324,0.4050759487664009
325,0.3099716566131484
326,0.3203074765604683
327,0.37611378925912253
328,0.45961862116727353
329,0.3283138515746699
330,0.3686507824423607
331,0.4314729968982344
332,0.3604572697486977
333,0.28485225540879283
334,0.41069100741160547
335,0.33014325840619313
336,0.5286479008799437
337,0.46270683908269045
338,0.44740360397184303
339,0.4970456257684114
340,0.34522028513845654
341,0.38251727993491885
342,0.36060444726840846
343,0.5002747849226632
344,0.3607390950314168
345,0.36776228943900424
346,0.3891150368035501
347,0.4362214732441694
348,0.38246258354760404
349,0.34019563081015003
350,0.3337105079070861
351,0.35708324579120077
352,0.26600427211637634
353,0.3902184609238371
354,0.4107373533435203
355,0.2608148555520725
356,0.30248801598681446
357,0.3236902141041002
358,0.27787517416509006
359,0.48717677643805385
360,0.3668851370900967
361,0.2858984113480359
362,0.4434040515850202
363,0.4077376449836804
364,0.5042578955326923
365,0.46789378155603684
366,0.3800959102167986
367,0.3968207184417143
368,0.3635723242426383
369,0.44273291783853125
370,0.3484067324804742
371,0.31733744344515985
372,0.2574236665264577
373,0.2988322769490614
374,0.40457679399852176
375,0.47090168285968875
376,0.4076006638183118
377,0.3135950151875626
378,0.4170957976151275
379,0.5402587699215317
380,0.5326089389879692
381,0.5789968436309607
382,0.5390244646032959
383,0.41093594911745474
384,0.3517803702817702
385,0.3810416930460648
386,0.4241075715382822
387,0.3008737396899356
388,0.2843836110780088
389,0.5534239101803353
390,0.4064226428169208
391,0.4014240937937591
392,0.3707029958098862
393,0.32028443920530103
394,0.4860086372444948
395,0.4158569928853784
396,0.5086496092325115
397,0.2961879272416993
398,0.3528309636358825
399,0.36997675879533276
400,0.36343538457646624
401,0.39570511745582
402,0.32004212668811877
403,0.37118008526604507
404,0.4047811185004337
405,0.48015394708723774
406,0.3207347525201319
407,0.3134142864915586
408,0.4024871271779555
409,0.3837398865288043
410,0.448693328061388
411,0.5327423455271381
412,0.3622937629485562
413,0.4168713005957382
414,0.40886849081955234
415,0.31850678244110303
416,0.4241394911462864
417,0.33460602196872935
418,0.5282976617382001
419,0.47980331125739506
420,0.39950644818617
421,0.33808597862645534
422,0.27808735603501405
423,0.4540520007130354
424,0.3633869338549234
425,0.40123643272762227
426,0.43154589496906715
427,0.3029700513607388
428,0.46301619826098706
429,0.43668774136829036
430,0.47233004651043964
431,0.32842539629050355
432,0.3278384970363951
433,0.3572535890948667
434,0.5177547854006974
435,0.4005142396761057
436,0.28411405014784163
437,0.35206147945434657
438,0.42047987129983705
439,0.42557825044645203
440,0.35573158149237594
441,0.4150348806979866
442,0.29211089869815027
443,0.28218339590473224
444,0.36050169427917816
445,0.46608607887681414
446,0.476665951873551
447,0.31411518771033203
448,0.33211602805708385
449,0.3517831443311008
450,0.35871194016214325
451,0.42814001207368874
452,0.29734354159684173
453,0.3441668938297067
454,0.42273788526495876
455,0.44471843082594015
456,0.39520372563522765
457,0.4193716121677451
458,0.2871766221651588
459,0.3219960177430978
460,0.2886023583538681
461,0.3299259026316115
462,0.5184723549357064
463,0.5862125401443411
464,0.37203854478299064
465,0.3242448238976825
466,0.31923375846623175
467,0.34153394393459935
468,0.4240532609281789
469,0.7451617794251747
470,0.3377324483990224
471,0.37821016673832236
472,0.3389816080824765
473,0.46571809550802773
474,0.38797775173445914
475,0.372094881978854
476,0.3217937426859581
477,0.28528334115017767
478,0.321947291582622
479,0.3069775667426593
480,0.49329572936447025
481,0.33364957577083215
482,0.3128716438210143
483,0.3858669479787512
484,0.25500621511349497
485,0.30201071422280024
486,0.5620684942259968
487,0.39661972192412454
488,0.33594882391302683
489,0.32105295981363474
490,0.3279908130385289
491,0.32070853092810625
492,0.41778757246283516
493,0.3653464884203184
494,0.3491812687693714
495,0.4683146789554886
496,0.45809446143377897
497,0.4333157500407398
498,0.3515612608891042
499,0.44855559658532174
500,0.3172769436526785
501,0.3910267780735304
502,0.3673767154720652
503,0.4078436125388896
504,0.30119165441702744
505,0.3419202420616303
506,0.29598296220174597
507,0.5876941206388043
508,0.38223516435052274
509,0.5261915297775602
510,0.3175307324764782
511,0.38181985894272846
512,0.5440223600460267
513,0.4332858943012431
514,0.42801431289716724
515,0.38589586066219206
516,0.34896630813858315
517,0.5530019458091743
518,0.32197839057168953
519,0.3933842654731271
520,0.5294689847776318
521,0.4198702660152954
522,0.31139423117404313
523,0.43049938934872606
524,0.504253839369543
525,0.30137076163801396
526,0.3489065527828171
527,0.5174251945821418
528,0.3116734907434016
529,0.3190280806411542
530,0.33815054619319607
531,0.28669378558074277
532,0.5790337379644063
533,0.29617786236609955
534,0.31548759751317196
535,0.3472105993169626
536,0.5061213993226679
537,0.3018080400767102
538,0.7157644266710386
539,0.42533865115930936
540,0.5276809773487868
541,0.2661746381592594
542,0.42234369489412743
543,0.2521215595696077
544,0.5206233063530259
545,0.4489643309442958
546,0.40476939735353673
547,0.3293508511821042
548,0.357781785916031
549,0.3517720248336949
550,0.3411605681152481
551,0.42731675576471045
552,0.4272308472474987
553,0.39020464702509056
554,0.4850932456022129
555,0.40721419660372965
556,0.3245392290511983
557,0.4915809897037446
558,0.46311501163907187
559,0.4289380495858573
560,0.337405855501777
561,0.3878615159503318
562,0.4041855053310652
563,0.46465623813948354
564,0.3170540798006767
565,0.42728451422174885
566,0.34785766070900626
567,0.42761336652543963
568,0.2958275639525828
569,0.32994790542074637
570,0.3962536853902803
571,0.2960280480733473
572,0.471273031276003
573,0.37561054675003414
574,0.2979062783508761
575,0.43476080387507554
576,0.36905528319665043
577,0.459472137445481
578,0.46815033793766636
579,0.3614123015154362
580,0.33238906520347283
581,0.35068670746590835
582,0.5200166735630526
583,0.26763456085665
584,0.31005360340203825
585,0.28369590283376217
586,0.3552828663563571
587,0.45922871349858546
588,0.41702036237184903
589,0.3674768080096596
590,0.420582105150664
591,0.4103402936561167
592,0.4116309087997844
593,0.23869092067772746
594,0.48354801163713823
595,0.32052810805556253
596,0.3930158563122988
597,0.4390017612603172
598,0.26391119891978
599,0.4457639016119058
600,0.41902591505941983
601,0.31042434603206387
602,0.42427090799846173
603,0.3351209355987459
604,0.35682766717809483
605,0.4395610758115393
606,0.3629335265141334
607,0.4395977283464169
608,0.5705553097255622
609,0.32101595481042566
610,0.4579454547563823
611,0.40963154402142704
612,0.298212088273251
613,0.4603122014036055
614,0.3747969210667331
615,0.44103933214711566
616,0.3075286483569762
617,0.385220529148973
618,0.5520644357275178
619,0.40075833176630216
620,0.32881087250572416
621,0.34610208246295826
622,0.24589352448026808
623,0.3799044322945518
624,0.4084684477589114
625,0.3822231400323635
626,0.2959423257925874
627,0.4072304077116547
628,0.3462268383943628
629,0.3550813873785485
630,0.4441858553518918
631,0.3255174949448628
632,0.4706019075277514
633,0.4477716474241322
634,0.31110334955103175
635,0.4796829516060537
636,0.431173929547991
637,0.2774208128043602
638,0.34513769551030465
639,0.33879210975269175
640,0.5475746009621643
641,0.3343455910768015
642,0.38532313230261983
643,0.34753129749078393
644,0.3658119416838929
645,0.4088217069526729
646,0.31234135000356317
647,0.40424090294617465
648,0.47273963553742465
649,0.3294001473069424
650,0.5802191486533792
651,0.31424047384341786
652,0.4442088157472194
653,0.3966356180087875
654,0.3379455390583064
655,0.3855609339841242
656,0.4159111215042137
657,0.3636220746268774
658,0.35924468916312585
659,0.30383546301096187
660,0.320155265409089
661,0.4968715130009247
662,0.36119012281953317
663,0.4092300494270185
664,0.5171818282341274
665,0.3235545146830076
666,0.3371607380163079
667,0.42376704251580993
668,0.37797362575071597
669,0.36498756155483325
670,0.3304443999892657
671,0.47535593866119613
672,0.5081430753425292
673,0.4840315610362571
674,0.46940378223333423
675,0.3450161110938897
676,0.31732473267982586
677,0.34947341031539
678,0.411541673590071
679,0.36583593760232225
680,0.32014738501876483
681,0.3121661486874143
682,0.42739346623930985
683,0.3817559763814041
684,0.2991076437165615
685,0.4699687036192789
686,0.5731854615218034
687,0.32968340663725626
688,0.32552541968108345
689,0.513256105516284
690,0.45580165109255394
691,0.37681100634367576
692,0.49308094015369147
693,0.5293430146124811
694,0.5802273824322516
695,0.27826827664677406
696,0.3818998533249051
697,0.37222203449060404
698,0.43514376546315764
699,0.4947774460290621
700,0.43941005282085815
701,0.5077369747695029
702,0.33154147526683464
703,0.3842303949588158
704,0.3615097473334752
705,0.35915081559203915
706,0.33416192626649704
707,0.31774256036918086
708,0.32828167396110924
709,0.45946426865196316
710,0.39364261990766697
711,0.3160837252971753
712,0.30575661596863046
713,0.5765507512442133
714,0.3655384964164685
715,0.31236829257575593
716,0.4906621110021064
717,0.3786970777971651
718,0.424725141082391
719,0.37434195319343655
720,0.34350423100963395
721,0.3660202656160656
722,0.37982518326492976
723,0.6121709450273345
724,0.45113703493154494
725,0.42349797083069046
726,0.27395457843955606
727,0.27898738057776906
728,0.4080250439315256
729,0.35501086172063345
730,0.4110230414077432
731,0.3067010705385209
732,0.47153772941082756
733,0.29546030342882396
734,0.45273015692875457
735,0.3557606764861486
736,0.36334947870340434
737,0.36157876796419924
738,0.3366280813726924
739,0.37192922897591973
740,0.5189554444474537
741,0.4570604763298338
742,0.30110313900603836
743,0.43830051212593885
744,0.3164644077128638
745,0.42809975971652686
746,0.3325655092173941
747,0.27757580161953765
748,0.3529589376430495
749,0.33943956528724684
750,0.3803991358868164
751,0.28838070550624906
752,0.31497502401102423
753,0.3137402779667613
754,0.30105481606293155
755,0.2992010651147578
756,0.3770158768262062
757,0.33312178424217137
758,0.31907366957102085
759,0.33581030855065863
760,0.37021044179590284
761,0.47422276298083726
762,0.5922282460009698
763,0.6253299909600194
764,0.41013671676654034
765,0.45469891456372075
766,0.3072742539163145
767,0.3017309383402462
768,0.44239830363550364
769,0.2783398164560228
770,0.47884921396801533
771,0.3352992358656914
772,0.5369246565143996
773,0.3397051610428186
774,0.3648086249642192
775,0.5715186751101436
776,0.31190118793092375
777,0.2659088016603997
778,0.35581481117912
779,0.3652631816839442
780,0.34195351958578935
781,0.2707535171486943
782,0.3317392483175384
783,0.5152321362044814
784,0.43054063673210674
785,0.3515306321559632
786,0.3751675333646977
787,0.36614353562707
788,0.3446995045415942
789,0.31818104785737467
790,0.3590095328002614
791,0.29615706562024735
792,0.4822947144332051
793,0.33287313041225497
794,0.46575715218339314
795,0.37728908001461964
796,0.46444334192902775
797,0.3928473444202364
798,0.36421557084894957
799,0.30613810131045277
800,0.507284229134413
801,0.3663078936975108
802,0.3327837574040374
803,0.3361571722049579
804,0.4183352567709827
805,0.28620960713098326
806,0.44020769758333633
807,0.36758959418310744
808,0.3351484826030404
809,0.38610552426409095
810,0.43973346075637315
811,0.5288155907928014
812,0.3339670371380839
813,0.522804939535021
814,0.4853644001376795
815,0.42428596882098807
816,0.36964197587854875
817,0.31167114777842875
818,0.2851757171858083
819,0.38184347715422745
820,0.30876746631477214
821,0.4501308984735401
822,0.36774012936971945
823,0.4022483605497625
824,0.5005214300127938
825,0.33316446885243417
826,0.6137537415992147
827,0.4042583760380554
828,0.3360637813725639
829,0.2938436024344993
830,0.37073436400590787
831,0.4485107400019497
832,0.42683845307796753
833,0.44051284033771854
834,0.36453182683283397
835,0.279070622031167
836,0.35034335425315954
837,0.3719972356840141
838,0.49749496822079375
839,0.3708064597624036
840,0.32018108271391693
841,0.49524348523976064
842,0.4908844888256467
843,0.3866895909280391
844,0.2956480220605587
845,0.46821994158647495
846,0.4349108025067602
847,0.4074076405810766
848,0.38806282643052525
849,0.2613103623968985
850,0.3562858305529617
851,0.32329205506757935
852,0.4403594499997652
853,0.30565451756017986
854,0.4476399606350033
855,0.2699546779777257
856,0.5035806024811695
857,0.3954848192510807
858,0.3922272068564212
859,0.425285663559168
860,0.3342266629403304
861,0.3354252098714557
862,0.2944869179063737
863,0.4601570816118079
864,0.613291178738319
865,0.3456193000374613
866,0.6013536346240108
867,0.3196911612425676
868,0.30598238418271334
869,0.3512197859609675
870,0.38305630634597326
871,0.32856813624959635
872,0.45447526738324695
873,0.32617582920344385
874,0.5212463138540386
875,0.4993723814570984
876,0.35890452662107414
877,0.3504119248368827
878,0.3371839082016745
879,0.3256245756219878
880,0.36422056174071943
881,0.3852063983195047
882,0.3477747284489667
883,0.32426547578775544
884,0.3450815842650762
885,0.35364842141817254
886,0.329391739259689
887,0.4521473243788057
888,0.29297145093963023
889,0.4451144686808203
890,0.5285861094876015
891,0.47978331429549903
892,0.35959386093153584
893,0.3403728872500359
894,0.33494347967526467
895,0.2945474092732837
896,0.452038315810943
897,0.4057453037236292
898,0.4710983407497302
899,0.27745720563711224
900,0.3774243606585549
901,0.34646403501716194
902,0.2845587680823965
903,0.3437941050028294
904,0.5137983677207867
905,0.39923642688141553
906,0.463715854910359
907,0.35372791485728317
908,0.32381229220534963
909,0.4818696420616013
910,0.271606260018603
911,0.6519045740679372
912,0.5119225175244606
913,0.30478035913518486
914,0.367206449253438
915,0.3015493450572593
916,0.26323969805391484
917,0.2766246737729675
918,0.2554920455693051
919,0.31534203561451235
920,0.3284995032811687
921,0.31372274941912365
922,0.35950328045303137
923,0.43352872083853244
924,0.45726962595706516
925,0.3220958735045587
926,0.32646758453809194
927,0.3326028748872619
928,0.37781727869074766
929,0.36942060113341807
930,0.266917515756734
931,0.42144108920809936
932,0.4158745372459813
933,0.42101712862882856
934,0.3270709114764851
935,0.32090461585417973
936,0.24865958884486142
937,0.38385493832204876
938,0.29190429204186796
939,0.39308160080940036
940,0.3460123686385124
941,0.2908445544848884
942,0.5291262920133325
943,0.5323350918175227
944,0.3303023837067125
945,0.48235934598205893
946,0.27397787215535224
947,0.3261269414211207
948,0.3100422708662966
949,0.30714456041617705
950,0.3572082197387931
951,0.32175686419319915
952,0.5363401893542667
953,0.3763268524408638
954,0.29040859405492114
955,0.3026941798811841
956,0.3756982866896455
957,0.42217550497560835
958,0.2706568405357897
959,0.5741608793647349
960,0.2943861281216147
961,0.3978945084799672
962,0.3986508140998493
963,0.45694614927251564
964,0.3285639936159807
965,0.30497692782021557
966,0.3709920943230464
967,0.32626892644607675
968,0.4146376514517588
969,0.48546565246523443
970,0.36514593682250523
971,0.44182412863461373
972,0.3796147618809787
973,0.37175236861112365
974,0.5849398578226069
975,0.4075594217057384
976,0.32194325494593234
977,0.33431102097377413
978,0.39410578941129243
979,0.4106065577688063
980,0.41834688839058265
981,0.27038228016329896
982,0.4844925669631099
983,0.36780601548029884
984,0.36243840781468667
985,0.4773791374377172
986,0.5771052140994888
987,0.4522117516508823
988,0.5301138447907344
989,0.47433276952917697
990,0.3680654992694372
991,0.3351074075113202
992,0.32029943720826165
993,0.29041432272052564
994,0.48594578280507084
995,0.49573190254256494
996,0.4805989825729701
997,0.31766441605600193
998,0.5673205189579291
999,0.4012612615117686
1000,0.550643530174805
