run,Average
1,0.39786893813516316
2,0.47900389503568275
3,0.29893726917148256
4,0.39147671613710994
5,0.4584463568950254
6,0.3185537512372241
7,0.4384604453591858
8,0.31436332228266267
9,0.2977906670547473
10,0.5301885356572317
11,0.31538877979742924
12,0.35907889714808733
13,0.3706249053366624
14,0.32902674741893917
15,0.32533877497522373
16,0.35283814422190096
17,0.3602745472153343
18,0.5391630413956662
19,0.3608167382590551
20,0.35656632905489183
21,0.35934153255055107
22,0.2809063033582501
23,0.4097778678821372
24,0.45457383763806003
25,0.29509043585937195
26,0.4866897855764015
27,0.43679647325392346
28,0.4264942220245379
29,0.3526091683496941
30,0.36129575895631244
31,0.41910603214449366
32,0.43310270045099303
33,0.31868131682054435
34,0.3578318233553318
35,0.3202199041346691
36,0.4169927862806804
37,0.34619439642018407
38,0.4584746420503219
39,0.3484330053460025
40,0.4072400960159237
41,0.27182278158873335
42,0.29095283258664295
43,0.45645987601560073
44,0.32373008003135617
45,0.283597994451526
46,0.48732289530740547
47,0.3441229523212592
48,0.36543418547269835
49,0.32719565840030373
50,0.4855780017796027
51,0.461013635156033
52,0.302887269999896
53,0.28539046230228127
54,0.3825042430729399
55,0.3391413778441162
56,0.5215245202743546
57,0.33837169635069847
58,0.283523167564039
59,0.509282090559388
60,0.43139349233690655
61,0.33534593078547753
62,0.5627186505991898
63,0.31720521921834194
64,0.24982975143102698
65,0.4417509870119545
66,0.3505637546888873
67,0.38691943548047764
68,0.4105661834187651
69,0.3537748313686624
70,0.3278189714588706
71,0.2801000405703989
72,0.4485563101319277
73,0.3337209785781383
74,0.3370669545621376
75,0.40797243755023677
76,0.2683934685130494
77,0.375533745874645
78,0.4328322915388503
79,0.3245088511005924
80,0.5513020597952066
81,0.3476817090067841
82,0.32805150984696985
83,0.4676883049673741
84,0.31041387953706784
85,0.41591118039839065
86,0.4897487911934261
87,0.2997067181079473
88,0.4077590201172294
89,0.2973631955200014
90,0.35346625613545624
91,0.31293035283600557
92,0.33037543755780713
93,0.381740950625407
94,0.31154784196412333
95,0.431404594646144
96,0.3130283070235419
97,0.29682865778718054
98,0.306952293836191
99,0.35767899702229783
100,0.5399103740302643
101,0.41215735115175123
102,0.4301600727217615
103,0.3791013046424281
104,0.37236065187512496
105,0.3724389022051995
106,0.34444240765827183
107,0.49066408825568
108,0.38005711267371184
109,0.38505933837778417
110,0.39191851397925437
111,0.4999320339297512
112,0.3679366647101811
113,0.3692266536366706
114,0.385222136140697
115,0.4096879176113132
116,0.4827399828500397
117,0.3816497598563812
118,0.4661544543959637
119,0.4686794270819337
120,0.4564811235378662
121,0.481266893503929
122,0.2939918168127341
123,0.3270130927951032
124,0.3733821293241315
125,0.4066373870855597
126,0.3271193997444337
127,0.2845763531598312
128,0.3711473863917024
129,0.3558099354900783
130,0.3727733865714268
131,0.42481964161047414
132,0.34569435784051855
133,0.309984734627101
134,0.4175533903210794
135,0.33634143809738165
136,0.4502592124652257
137,0.3630249423846121
138,0.3198213722618979
139,0.38556476286987834
140,0.4097647502747174
141,0.40688006066841625
142,0.32832504800912116
143,0.320136340934457
144,0.3795997747179306
145,0.4153158931208473
146,0.3141401034720276
147,0.386062172944569
148,0.3965831673081329
149,0.3742379009565023
150,0.3139495625398688
151,0.34822300483253926
152,0.4563884718538846
153,0.4167844345987295
154,0.29094083193738357
155,0.3755128292233319
156,0.40511153549504
157,0.3375647664236069
158,0.3982991909149494
159,0.506969028401561
160,0.3206810584201437
161,0.3286286086967634
162,0.38368158504795735
163,0.2835403574605005
164,0.29784932281961335
165,0.42366640807132777
166,0.31352481032179175
167,0.35412871572122034
168,0.37141468010496753
169,0.35172790921687763
170,0.455871136593903
171,0.29018616213896953
172,0.311267566060664
173,0.37504824670777276
174,0.3908606742989948
175,0.31137427822493396
176,0.3582105112852814
177,0.43424744947262683
178,0.3717813337507715
179,0.43954332591817463
180,0.3428059752884254
181,0.41229970510125546
182,0.37678452235656046
183,0.44183076519226383
184,0.3647293322136535
185,0.3990671756733478
186,0.37183272751802393
187,0.3851146620306338
188,0.36783821980207626
189,0.31940979719492063
190,0.34431668192284054
191,0.3745298354033616
192,0.37974048860211873
193,0.3191708425833129
194,0.5396512816331707
195,0.38531673557260593
196,0.3457265217853542
197,0.5092788783542997
198,0.32945831762979605
199,0.4152058454200072
200,0.3400214302866177
201,0.37736635282424613
202,0.2867578633439078
203,0.4918196491467203
204,0.4383768468443645
205,0.3739080198691767
206,0.3678290986802455
207,0.3195613283041357
208,0.3952396140411694
209,0.3039676593758224
210,0.37234292947568876
211,0.35891182756152445
212,0.3371464047095533
213,0.5145975644919182
214,0.3485803969661847
215,0.36511092972054743
216,0.28725731035462176
217,0.3993666186001332
218,0.41437407538164966
219,0.2935283807876922
220,0.3089002509251109
221,0.2860431024634269
222,0.4150266798397404
223,0.5202157461895714
224,0.34793610115781376
225,0.45347398905183844
226,0.3804749283476922
227,0.2906977124441252
228,0.3479395954124287
229,0.49091882956281596
230,0.5006484276568222
231,0.29877251356639845
232,0.40588491839386204
233,0.42304996339547446
234,0.3120847114286197
235,0.4643399960382216
236,0.35515699350929186
237,0.4296525307187365
238,0.3533791893948257
239,0.33360347329494483
240,0.35431689716612924
241,0.42079953592740443
242,0.442549524405319
243,0.38725656917545537
244,0.3499937731504833
245,0.36616125206252803
246,0.4929219331495235
247,0.3643026108082536
248,0.3634586813690979
249,0.2982336711562717
250,0.40828891215657254
251,0.370803647945279
252,0.3574725626561356
253,0.36305612632466994
254,0.40268096677421106
255,0.38052951869765284
256,0.2939644061755995
257,0.41490597304299015
258,0.3172056742218941
259,0.5362977971540317
260,0.3227190282927982
261,0.5236034204782735
262,0.3558261214062728
263,0.559327743089848
264,0.47126660854177727
265,0.3508698447450778
266,0.5887857154553326
267,0.28992907630064096
268,0.42622754983251926
269,0.35398968245675333
270,0.4053949422863609
271,0.3157646581919352
272,0.4199002110934797
273,0.3123266610624491
274,0.34186206127759383
275,0.37744765455431617
276,0.36711981470577465
277,0.28828443743978377
278,0.499563196408068
279,0.38211801313255545
280,0.36607441991251266
281,0.3582052987946031
282,0.4453849381871858
283,0.3545239273810564
284,0.39973710127883916
285,0.4062440315490199
286,0.40150554026882795
287,0.5120209593762836
288,0.379003736689534
289,0.44298720973580497
290,0.39704066918184094
291,0.3470376365778502
292,0.3134790696821336
293,0.5403509684996517
294,0.3129660493570527
295,0.3560954168406469
296,0.2696646610090066
297,0.4253320673415271
298,0.4260006224611622
299,0.31735580537557095
300,0.3356983396822585
301,0.27416253191892664
302,0.37327097563665207
303,0.4201677320171987
304,0.3722216713388051
305,0.3708727643582987
306,0.39216096860334154
307,0.3998718729250072
308,0.2928067929904129
309,0.3078527263610572
310,0.3255133977646034
311,0.33359788122874273
312,0.4342608182849096
313,0.46668107906488604
314,0.326267481713633
315,0.3850523890175505
316,0.38578120757619294
317,0.30034478775230544
318,0.3824363418189635
319,0.5220674214255557
320,0.3547941511601318
321,0.4697223725138902
322,0.3976361193481085
323,0.308125011332717
324,0.4970656286319981
325,0.31940009761724275
326,0.4234234075279304
327,0.3563445533327198
328,0.36379376891162096
329,0.47005186960036127
330,0.37468025613229256
331,0.3330016115926024
332,0.3473324795295518
333,0.29689428072141716
334,0.3421386596675481
335,0.4630837112218052
336,0.30520185776050096
337,0.3317239692275522
338,0.46620736691392356
339,0.4234208156769664
340,0.507492492221876
341,0.36902157259520396
342,0.5208248855519373
343,0.3022617148092932
344,0.3396252074946019
345,0.39629978659419235
346,0.37116543121464063
347,0.254966767643427
348,0.36590310777810553
349,0.4928168282668615
350,0.5679521162032845
351,0.33369907468630244
352,0.4887493043046408
353,0.31161683122615075
354,0.3685103773044242
355,0.4130660339882091
356,0.45445979840093026
357,0.31323663197748713
358,0.41679965423186527
359,0.3734240653536557
360,0.34639426839649184
361,0.4658095066265779
362,0.5122087035699051
363,0.41529518814248034
364,0.3973204304590089
365,0.308724454660105
366,0.28317570089479394
367,0.41899728839933537
368,0.3088342733721993
369,0.3429878128832592
370,0.4994594533447227
371,0.32943400163061726
372,0.5698696659431953
373,0.3832431073497095
374,0.34878088059947004
375,0.3246503486863398
376,0.4819776222163461
377,0.3512686386958456
378,0.28514382861447685
379,0.33124909589720225
380,0.3711094204006966
381,0.4677925768944243
382,0.3432868029459636
383,0.2994667281372208
384,0.36914710139641776
385,0.5160073736103317
386,0.44267148572316245
387,0.3726244179376146
388,0.40149703574770423
389,0.5715155016056765
390,0.2827366033915398
391,0.3286341559956561
392,0.3275915233108619
393,0.3047681777698442
394,0.349612128424717
395,0.48691972945741013
396,0.4106400471655125
397,0.42061351063067204
398,0.40006076205700086
399,0.2819611445165051
400,0.2849383013873625
401,0.34119579886068174
402,0.2523993307069868
403,0.4540649881662597
404,0.3133773816929173
405,0.32189971896604036
406,0.38264227144848534
407,0.5764451106619205
408,0.3250945193114212
409,0.35991936026168553
410,0.40576264828788616
411,0.42588154628327923
412,0.40189820277260685
413,0.39259611480142803
414,0.39888923484141203
415,0.332429298260543
416,0.3452170680195316
417,0.3200417461670851
418,0.3182123702597323
419,0.472541284175028
420,0.41101521660321527
421,0.34182044099562137
422,0.26913430917792464
423,0.3600378508416841
424,0.47034621410522026
425,0.4039047507365631
426,0.3969103627775137
427,0.3001073166465659
428,0.38072915648733663
429,0.44519559001500536
430,0.6185673676045537
431,0.38751429675169224
432,0.31066171557021716
433,0.47691436472143245
434,0.45037081699772985
435,0.44077867850094277
436,0.29768411413306595
437,0.355529211775768
438,0.4042530085462314
439,0.3062320761338312
440,0.44136891744835144
441,0.41621114151204086
442,0.3860091430857351
443,0.5423486254977306
444,0.3028323515244431
445,0.2844046289648927
446,0.31552923999192073
447,0.6487527213433537
448,0.38010315785292326
449,0.3137294251484724
450,0.39420104966224806
451,0.40640383866197227
452,0.33319612153995776
453,0.2738177842064026
454,0.3452302007213042
455,0.30800441700901826
456,0.372181656141996
457,0.3428703923946196
458,0.34829060004844226
459,0.3118622727279782
460,0.3763805647393334
461,0.3346842826672458
462,0.4443049376709013
463,0.3678410320323411
464,0.45582555024997273
465,0.32862428549922784
466,0.3347272690584555
467,0.4184357556402865
468,0.4750802591581688
469,0.4145750474748108
470,0.3563782433687016
471,0.4686057979961859
472,0.36913606213569516
473,0.37632681606415824
474,0.3482908283361422
475,0.4849888002488457
476,0.4389410264786743
477,0.34144982981392813
478,0.5492287503910913
479,0.34957107181632047
480,0.2657210262335288
481,0.39883570850507194
482,0.39121003345969213
483,0.4945328934346463
484,0.288802921307142
485,0.3645573205954954
486,0.3111048329394882
487,0.3049662051549681
488,0.32905681091658007
489,0.35880843516099575
490,0.4472057955861326
491,0.3989155095698781
492,0.3926058060680986
493,0.3486109925477805
494,0.3773077516784078
495,0.508307447987245
496,0.4083651049788496
497,0.3333566114924067
498,0.36415955489645996
499,0.4292031918108255
500,0.49748154471999434
501,0.41800198322195364
502,0.3592616880224918
503,0.3450224886297412
504,0.29904247835450526
505,0.3592782449943981
506,0.32193524634343873
507,0.37194164113172556
508,0.35921504739747284
509,0.39623485708695716
510,0.4491513412988227
511,0.37787662027091745
512,0.4598521968607116
513,0.4757692512036184
514,0.3671073352174268
515,0.3517018642959682
516,0.5719165435078734
517,0.36476728412682996
518,0.410208986381981
519,0.48780861940392944
520,0.38169494154743216
521,0.33226444295432905
522,0.36972994385375674
523,0.43194143504302873
524,0.3387953593150437
525,0.2707535268089009
526,0.4151324113186574
527,0.25988167088309155
528,0.2969494625399688
529,0.2879691356319484
530,0.3854010337203632
531,0.3119239901834516
532,0.5126489845840371
533,0.43288809683435675
534,0.29089478471380187
535,0.2879788853952688
536,0.34948230864321217
537,0.4347762938292384
538,0.29750127623077355
539,0.40679453651458164
540,0.34526547917153305
541,0.49661523421648285
542,0.40442057376453056
543,0.3646778460150835
544,0.4689503637390383
545,0.4307207726930507
546,0.4456343129391755
547,0.3480669481628164
548,0.33395602782934236
549,0.46569963362635
550,0.30549592090319
551,0.41603707488873726
552,0.3753822743557356
553,0.28719755222498994
554,0.3960604031036139
555,0.483393993358213
556,0.3565880239308913
557,0.5042936192729257
558,0.37700242930162836
559,0.29856442414785583
560,0.34016682814946797
561,0.46141407525002875
562,0.3429483537407342
563,0.3769095967316938
564,0.4578254744759601
565,0.47296823806586724
566,0.28949756611020067
567,0.29765457909766635
568,0.3917116921181595
569,0.3940932814620383
570,0.36641947105608685
571,0.42605809866206273
572,0.31777159833136354
573,0.41869801653077066
574,0.38051513318909597
575,0.2750524166028794
576,0.4158746509103991
577,0.37174868510103787
578,0.4043313232211539
579,0.3443750899948497
580,0.33467863224275374
581,0.3022932681370912
582,0.3204712885946825
583,0.36750280190482915
584,0.34134708641634426
585,0.44205690152167515
586,0.39151642908834483
587,0.32016240284709524
588,0.4503469401082567
589,0.44031726132977184
590,0.3803295291246663
591,0.33545352656921573
592,0.32318330064009626
593,0.4606743800660422
594,0.32990844504754085
595,0.4235786270130162
596,0.3486731243641751
597,0.28018315241772607
598,0.34880956663551005
599,0.3809875119842619
600,0.3826308031372329
601,0.42408895427739995
602,0.4335822418253273
603,0.33958483179767524
604,0.36819002190940703
605,0.4456783015692097
606,0.3850293203007667
607,0.31411164268230335
608,0.31672212235470865
609,0.33520393625059763
610,0.46160558606263263
611,0.3103924601537289
612,0.2935214443183793
613,0.37592574500679193
614,0.3931304024257023
615,0.2883365774289683
616,0.26752639788211346
617,0.5555190964941105
618,0.34722928242289086
619,0.3616350349110465
620,0.3667110179519404
621,0.33168277363782184
622,0.3347868628499063
623,0.315965520703456
624,0.27803961207882544
625,0.3853480183796317
626,0.592298553041136
627,0.4452472635091219
628,0.45832831226828663
629,0.3946691576333345
630,0.3954221299174022
631,0.4064441921668702
632,0.3793407989464029
633,0.588110890218461
634,0.35555691215388097
635,0.3553223374282452
636,0.3858457423976055
637,0.44058075898110755
638,0.32436160736702957
639,0.3055918904265329
640,0.3270950537179068
641,0.2912140629272479
642,0.33135792395733366
643,0.376010353916946
644,0.30653378479268517
645,0.2874366586029273
646,0.4474737687707773
647,0.45063483692302597
648,0.298268599731631
649,0.34165651565079624
650,0.3064765180937902
651,0.3719777191643625
652,0.45033470123565733
653,0.4459565166887662
654,0.31963658669392137
655,0.2999309458488198
656,0.5834358825959344
657,0.372873967080407
658,0.5209685320406604
659,0.5147727092516602
660,0.3700567102261062
661,0.36731262743810367
662,0.32643561565468204
663,0.3859732474856161
664,0.4036519823884523
665,0.2836905078150024
666,0.3247916690377619
667,0.30617761153606277
668,0.32372917735680284
669,0.33449328553130625
670,0.44404373684635806
671,0.39517053462991947
672,0.3102407162771297
673,0.34469554428830573
674,0.3884083508042992
675,0.340369311603308
676,0.5059544874289379
677,0.3462443767816276
678,0.4143575317738766
679,0.357756552281671
680,0.38480507152945403
681,0.3384370331741749
682,0.4637434346765139
683,0.4429767430570443
684,0.3853692910884302
685,0.2893707006601835
686,0.3831513180468789
687,0.5793795909642074
688,0.42511100573435145
689,0.34460124389156943
690,0.2993152054688743
691,0.4530114648824542
692,0.3590681641836736
693,0.393048693907724
694,0.35100500643285915
695,0.4194984073837396
696,0.3151130114245615
697,0.3860862274022314
698,0.3143658599421709
699,0.46629494249509856
700,0.4413793814033982
701,0.31560081905391685
702,0.3052236192858883
703,0.3732087216382976
704,0.45591456108728057
705,0.30799484605145305
706,0.44393436145994714
707,0.34894329263189666
708,0.4137852947993353
709,0.3129916509925642
710,0.4959023458626789
711,0.2773183202949146
712,0.33964918028937885
713,0.25160447743725173
714,0.32304440280952795
715,0.45089786553577615
716,0.47214572139918337
717,0.30973519056507454
718,0.45529004142313484
719,0.31953658534478996
720,0.3367508075394755
721,0.3163152152097042
722,0.2793640867271792
723,0.33289470056560794
724,0.3394013448211245
725,0.34388057977385267
726,0.2790386873000569
727,0.41731881476089283
728,0.3205228828017258
729,0.34819603333281307
730,0.23917381605714766
731,0.28634744404843954
732,0.38438618175314787
733,0.43492996110104964
734,0.3703929578655273
735,0.39131264021275797
736,0.4379792891289317
737,0.47321916562510086
738,0.33975151913221
739,0.36414797741254096
740,0.41394404692442954
741,0.43484434398658095
742,0.426909760222462
743,0.4117164915409416
744,0.4251985560878751
745,0.2854611944288079
746,0.45120884504568315
747,0.33433978220637056
748,0.33448080121398654
749,0.39082824177776504
750,0.37973349879564816
751,0.32283046733260395
752,0.38571167944156265
753,0.2732156167878024
754,0.2807624788339631
755,0.3540011688013532
756,0.3779368671251928
757,0.3976001289080762
758,0.3667107482657963
759,0.4544872535602011
760,0.42346027156041843
761,0.3157859511860296
762,0.3758199204185174
763,0.47356637641893035
764,0.3807350282319915
765,0.37659370740390524
766,0.28460990918062234
767,0.32460081832245335
768,0.3559529271267382
769,0.4949604105046049
770,0.4476473975424546
771,0.28500451702765955
772,0.3933510900172496
773,0.27918777642348647
774,0.3446615443902381
775,0.33354395044068025
776,0.33625684220701935
777,0.4305151746753443
778,0.29802052511341354
779,0.36619857483449264
780,0.29648643231561905
781,0.3731058796201573
782,0.361828709545836
783,0.2956470305441601
784,0.3333573570032201
785,0.34519678875413035
786,0.43999403160387224
787,0.33756827760152164
788,0.2761233829561388
789,0.4504898971892037
790,0.45950189393690727
791,0.3744253355392252
792,0.3197749997860505
793,0.3583019520333969
794,0.4308011153115463
795,0.3266223352272666
796,0.41936528040533017
797,0.3867473823929438
798,0.28998981803017665
799,0.46838628525717857
800,0.42176478783071675
801,0.38444808053609364
802,0.3883269702800409
803,0.35232657672242457
804,0.3265983810574673
805,0.2845063324431271
806,0.2757240490199303
807,0.3226791464532496
808,0.3500485133534316
809,0.38307721455655996
810,0.324566804655037
811,0.2742238518416099
812,0.46909690086840944
813,0.3703468495623307
814,0.4000092864888138
815,0.41029749716177644
816,0.3517171933574112
817,0.5337010033380117
818,0.35147884219427994
819,0.2785459913184403
820,0.3607918708793273
821,0.3437012618065013
822,0.312766690936166
823,0.30316562527700974
824,0.33999842479956477
825,0.38586437570260373
826,0.3513776645606397
827,0.5506701460891338
828,0.5445293742972183
829,0.48522976801703854
830,0.35324208611503305
831,0.47862279386719714
832,0.4633161406449542
833,0.34032612211771984
834,0.3387977523695955
835,0.37268272510779665
836,0.29651495978999826
837,0.29422705884427436
838,0.3729444905116209
839,0.26602303155224744
840,0.28729282646482013
841,0.507341728488018
842,0.3062845330401029
843,0.3183548389951205
844,0.3175352112965355
845,0.3026707979461
846,0.30845479516029156
847,0.3087768979418808
848,0.28491243924417015
849,0.33879651418381945
850,0.31002408812134724
851,0.3856713803916662
852,0.3906614540987085
853,0.3595006204813322
854,0.39718212414543097
855,0.39348949601957417
856,0.4427956439825384
857,0.4138174146069763
858,0.25345087440056924
859,0.26379642420471505
860,0.31403240832611995
861,0.4116149464531347
862,0.43181103835754625
863,0.4022134870012072
864,0.27104181937028227
865,0.37489092093916343
866,0.46608100685362097
867,0.3356082000359025
868,0.49111811131316135
869,0.3582595709094233
870,0.3279803124345391
871,0.44786831349267764
872,0.3546803068112001
873,0.4759420401717448
874,0.4477085119076485
875,0.45962206110346926
876,0.3922374315022872
877,0.3186892842999407
878,0.29969868736174815
879,0.30372120738893266
880,0.28897801329727935
881,0.35972420745834466
882,0.3427045438395602
883,0.389042155371851
884,0.38723630058916314
885,0.4295336820333128
886,0.3233284495149253
887,0.3798308454246219
888,0.41151869028013216
889,0.32049082860759825
890,0.4523198767864549
891,0.3867104577309271
892,0.40545421524532843
893,0.42813363553885914
894,0.3126058218416207
895,0.3480950184013845
896,0.3712989229728283
897,0.3456082919516147
898,0.3856004819505597
899,0.31785110097281444
900,0.3161748760462016
901,0.46560599600916525
902,0.3564442277909722
903,0.3777861381259537
904,0.3950034769525537
905,0.4772934003976084
906,0.42985706795087253
907,0.33458168260558335
908,0.3353687997532217
909,0.39540903549146106
910,0.2899153297544641
911,0.30717778168327714
912,0.3265530275187898
913,0.4143310145006462
914,0.4844757481632997
915,0.3182149291673255
916,0.3341221466721622
917,0.44665824792663933
918,0.4715562049680623
919,0.41549785202930173
920,0.47724881171333494
921,0.4599142531547481
922,0.39218198337867866
923,0.34932929663977164
924,0.38993440784147043
925,0.2858591206984871
926,0.4191528047327653
927,0.30069220259622903
928,0.3278441781183391
929,0.42002744540175696
930,0.36689199509113174
931,0.42405499150065307
932,0.404427078332961
933,0.31432981310840524
934,0.28291590685637824
935,0.38093852435300746
936,0.5023175630380453
937,0.5377045234660187
938,0.30473538942553824
939,0.4740404865952903
940,0.3346008422261913
941,0.3533077513273716
942,0.4344340258597235
943,0.3253514559910801
944,0.30996639636857165
945,0.4110857346179425
946,0.5211790869006677
947,0.40083344007254035
948,0.4170371700884884
949,0.33097112901525055
950,0.5205286778041041
951,0.440496002683714
952,0.26682448681455645
953,0.3157026980128143
954,0.46386284851043275
955,0.5912303800946314
956,0.41836473300003646
957,0.37795997199861875
958,0.4892920700803785
959,0.4089163163213923
960,0.47377688052666733
961,0.282385489811029
962,0.3204478981546815
963,0.3724225574556856
964,0.32044365923595586
965,0.49035244637744524
966,0.2864012411879657
967,0.4175250056249411
968,0.5366881485272199
969,0.4072772021379251
970,0.47974435369011315
971,0.3525185573151588
972,0.4265007551982725
973,0.42713855188811384
974,0.39796641280305944
975,0.3946404274092825
976,0.4434324067249134
977,0.44421435577038226
978,0.35546591425661117
979,0.44582806788742424
980,0.3972667882236969
981,0.30134007739132357
982,0.3927036437438651
983,0.2985030033189097
984,0.3934334645247876
985,0.2934676478177318
986,0.5686438067604775
987,0.3794117129598166
988,0.33995431945589427
989,0.45759288603171294
990,0.37398006013344137
991,0.48683932241908745
992,0.3870120745053502
993,0.385775272445589
994,0.4028965248096262
995,0.4768156604026553
996,0.37113889711278236
997,0.38136540766994
998,0.4595132426632369
999,0.31661858888197597
1000,0.33397152824320414
