run,F1
1,0
2,0.015333333333333334
3,0
4,0
5,0
6,0
7,0.009411764705882352
8,0
9,0
10,0.04674509803921569
11,0
12,0.013793103448275864
13,0
14,0
15,0
16,0
17,0
18,0
19,0.02247619047619048
20,0
21,0
22,0
23,0
24,0
25,0
26,0.005333333333333334
27,0.008
28,0
29,0.013333333333333334
30,0
31,0.05716791979949874
32,0
33,0.20197653554175293
34,0.05478811558811559
35,0.19300653594771242
36,0.02285714285714286
37,0
38,0
39,0.005714285714285715
40,0.023594771241830063
41,0
42,0.019222222222222224
43,0
44,0
45,0.016040100250626566
46,0.04374269005847953
47,0.0064
48,0
49,0
50,0.32766666666666666
51,0
52,0.04233893557422969
53,0
54,0
55,0
56,0.07333333333333333
57,0
58,0
59,0
60,0
61,0
62,0
63,0.0633756195495326
64,0
65,0
66,0
67,0
68,0
69,0
70,0.004705882352941176
71,0
72,0
73,0
74,0
75,0
76,0.2074828229995278
77,0.009705882352941177
78,0
79,0.29230603745746175
80,0
81,0
82,0
83,0.2070334946847739
84,0
85,0
86,0.005
87,0
88,0
89,0
90,0.054476190476190484
91,0
92,0.020210526315789474
93,0
94,0
95,0
96,0
97,0
98,0
99,0
100,0
101,0
102,0
103,0.03583808004860636
104,0.12301182908963229
105,0
106,0
107,0.008888888888888889
108,0
109,0
110,0
111,0
112,0
113,0
114,0
115,0
116,0.19195610237715502
117,0
118,0
119,0
120,0.004210526315789474
121,0
122,0.15320627538378662
123,0
124,0
125,0.08941176470588236
126,0
127,0
128,0.016000000000000004
129,0
130,0.028190476190476196
131,0
132,0
133,0
134,0.005714285714285715
135,0
136,0
137,0.10609432672590569
138,0
139,0
140,0
141,0
142,0
143,0.024651851851851855
144,0
145,0
146,0
147,0
148,0.12366117153114058
149,0.0044444444444444444
150,0
151,0.004705882352941176
152,0.07200000000000001
153,0
154,0.11515942028985507
155,0
156,0.011483253588516748
157,0
158,0.017333333333333333
159,0
160,0
161,0
162,0.02
163,0
164,0.08331851851851853
165,0.025459383753501402
166,0
167,0
168,0
169,0
170,0
171,0.01
172,0.008888888888888889
173,0.03408167477517323
174,0
175,0.4123560977398575
176,0.045
177,0
178,0
179,0
180,0.02285714285714286
181,0
182,0.016842105263157894
183,0
184,0.030885547201336672
185,0.016734299516908212
186,0
187,0.020317460317460317
188,0
189,0
190,0
191,0.23915137503917308
192,0
193,0
194,0
195,0
196,0
197,0.16108452950558216
198,0
199,0
200,0.021333333333333336
201,0.005714285714285715
202,0
203,0
204,0
205,0
206,0
207,0
208,0
209,0
210,0
211,0
212,0
213,0
214,0.03389542483660131
215,0.054941346235463887
216,0
217,0
218,0
219,0
220,0
221,0.038
222,0
223,0.015111111111111113
224,0
225,0.005333333333333334
226,0
227,0
228,0
229,0
230,0
231,0.03619340659340659
232,0.09728842566774994
233,0.032380952380952385
234,0.016000000000000004
235,0.04164323853111039
236,0.03384539780824611
237,0
238,0
239,0.018823529411764704
240,0.01142857142857143
241,0.02095238095238095
242,0
243,0.026198830409356725
244,0
245,0.23860489331457074
246,0.008888888888888889
247,0
248,0
249,0.01
250,0
251,0.005714285714285715
252,0
253,0
254,0.07115121136173767
255,0
256,0
257,0
258,0
259,0
260,0.07316591478696742
261,0
262,0
263,0
264,0.13360085132259045
265,0.005333333333333334
266,0.01
267,0
268,0
269,0.008
270,0.01
271,0
272,0
273,0.0044444444444444444
274,0
275,0
276,0
277,0.10527323656735423
278,0.04987114845938376
279,0
280,0
281,0.0036363636363636372
282,0
283,0
284,0
285,0
286,0.013333333333333334
287,0
288,0
289,0.014745098039215688
290,0
291,0
292,0
293,0.013333333333333332
294,0
295,0
296,0
297,0.01
298,0.02666666666666667
299,0
300,0.016000000000000004
301,0
302,0
303,0
304,0
305,0
306,0
307,0
308,0
309,0
310,0
311,0.014117647058823528
312,0.060596491228070176
313,0.005333333333333334
314,0
315,0
316,0
317,0
318,0.11035234699940583
319,0.05205714285714286
320,0.06630969643383437
321,0.016000000000000004
322,0.11244149589660425
323,0
324,0
325,0
326,0
327,0.3251910123082537
328,0
329,0
330,0.010666666666666668
331,0
332,0
333,0
334,0
335,0
336,0
337,0.009411764705882352
338,0.00784688995215311
339,0.05714285714285715
340,0
341,0
342,0
343,0
344,0.0312781954887218
345,0
346,0.005333333333333334
347,0
348,0
349,0
350,0.017631578947368422
351,0
352,0.03868578308516389
353,0
354,0
355,0.08168421052631579
356,0
357,0.058152046783625726
358,0.011428571428571429
359,0
360,0
361,0
362,0.005333333333333334
363,0
364,0
365,0
366,0
367,0.005333333333333334
368,0.026745098039215685
369,0.02247619047619048
370,0
371,0.005333333333333334
372,0
373,0
374,0
375,0
376,0.07179215495920302
377,0
378,0
379,0
380,0.020434782608695648
381,0
382,0
383,0
384,0.005
385,0
386,0
387,0
388,0
389,0.177601332001332
390,0.022857142857142857
391,0
392,0.01
393,0.04271689040272491
394,0
395,0
396,0.26562289562289565
397,0
398,0
399,0
400,0
401,0
402,0.013888888888888888
403,0
404,0.013988304093567251
405,0
406,0
407,0
408,0.009411764705882352
409,0
410,0
411,0
412,0
413,0
414,0
415,0
416,0.004705882352941176
417,0
418,0
419,0
420,0.005333333333333334
421,0.005333333333333334
422,0
423,0
424,0
425,0
426,0
427,0
428,0.005
429,0
430,0.10784864121087032
431,0.024380952380952385
432,0
433,0.01142857142857143
434,0
435,0
436,0.005
437,0
438,0
439,0
440,0
441,0.03563636363636364
442,0
443,0
444,0
445,0
446,0
447,0.030431814831195638
448,0
449,0.1655091507219561
450,0
451,0
452,0.14054477018671394
453,0.04711111111111112
454,0
455,0
456,0
457,0
458,0
459,0
460,0
461,0
462,0
463,0.06543157894736842
464,0
465,0
466,0
467,0
468,0
469,0.005333333333333334
470,0
471,0
472,0
473,0
474,0.027047619047619053
475,0
476,0.019816993464052288
477,0
478,0
479,0
480,0.005
481,0.017142857142857144
482,0.021333333333333336
483,0
484,0.02190769230769231
485,0
486,0
487,0
488,0
489,0.004705882352941176
490,0.01515873015873016
491,0.13566723646723647
492,0
493,0
494,0
495,0
496,0
497,0.06093333333333333
498,0
499,0
500,0
501,0.01142857142857143
502,0
503,0
504,0
505,0
506,0
507,0.054705882352941174
508,0.023492063492063495
509,0
510,0
511,0
512,0.010666666666666668
513,0.14804668534080298
514,0.008
515,0.01411764705882353
516,0
517,0
518,0
519,0
520,0
521,0
522,0
523,0.026380952380952383
524,0.013126934984520123
525,0.08689947089947091
526,0
527,0
528,0
529,0.010420168067226891
530,0
531,0
532,0
533,0
534,0.018300653594771243
535,0
536,0.016040100250626566
537,0
538,0.04741264927023441
539,0
540,0
541,0
542,0.053333333333333344
543,0.021772893772893775
544,0
545,0
546,0
547,0.015714285714285715
548,0
549,0.04816615067079463
550,0.009411764705882352
551,0.030296954507480826
552,0.008888888888888889
553,0
554,0
555,0
556,0
557,0
558,0
559,0.014705882352941176
560,0.008888888888888889
561,0
562,0
563,0
564,0
565,0
566,0
567,0
568,0
569,0
570,0.005
571,0
572,0
573,0
574,0
575,0
576,0
577,0
578,0
579,0
580,0
581,0
582,0
583,0
584,0
585,0.049411764705882356
586,0.005714285714285715
587,0
588,0
589,0.04872587412587413
590,0.005714285714285715
591,0.005
592,0
593,0
594,0
595,0.004705882352941176
596,0
597,0
598,0.005
599,0.018181818181818184
600,0
601,0
602,0.005333333333333334
603,0
604,0
605,0
606,0.04496432552954292
607,0.03502334267040149
608,0.018823529411764704
609,0.005714285714285715
610,0
611,0
612,0
613,0
614,0
615,0.02
616,0.01142857142857143
617,0
618,0
619,0.019999999999999997
620,0
621,0
622,0
623,0
624,0
625,0.02603174603174603
626,0.18268347338935573
627,0
628,0
629,0
630,0
631,0
632,0.010666666666666668
633,0
634,0.014745098039215688
635,0.008888888888888889
636,0.005
637,0.005
638,0
639,0.005333333333333334
640,0
641,0
642,0
643,0.10394805194805196
644,0.04549308755760369
645,0
646,0
647,0.019831932773109243
648,0
649,0.009411764705882352
650,0.04097744360902256
651,0
652,0.057244444444444445
653,0
654,0.03878095238095239
655,0
656,0
657,0.008888888888888889
658,0
659,0.005333333333333334
660,0
661,0.02021256038647343
662,0.07651948051948053
663,0.008
664,0
665,0.03523809523809524
666,0
667,0.035333333333333335
668,0
669,0
670,0
671,0
672,0
673,0.22895668775668776
674,0.013126934984520123
675,0
676,0
677,0
678,0.021714285714285717
679,0
680,0
681,0.3284385644856233
682,0
683,0
684,0.04867243867243867
685,0
686,0
687,0
688,0
689,0
690,0
691,0
692,0
693,0
694,0.044450980392156864
695,0
696,0
697,0.03961904761904762
698,0
699,0
700,0
701,0
702,0
703,0.01932367149758454
704,0.20865029910338836
705,0
706,0
707,0.1440250626566416
708,0.005714285714285715
709,0
710,0
711,0
712,0
713,0.022538699690402477
714,0.0411249299719888
715,0
716,0
717,0
718,0
719,0.0044444444444444444
720,0
721,0
722,0
723,0
724,0.005333333333333334
725,0
726,0
727,0
728,0
729,0
730,0.008210526315789474
731,0
732,0
733,0
734,0
735,0
736,0
737,0
738,0.018823529411764704
739,0
740,0
741,0
742,0
743,0.005333333333333334
744,0.1992997804128239
745,0.017309941520467834
746,0
747,0
748,0
749,0.054411764705882354
750,0
751,0
752,0
753,0
754,0.03200000000000001
755,0
756,0.005
757,0
758,0
759,0
760,0
761,0
762,0.17445117845117847
763,0
764,0
765,0
766,0
767,0
768,0
769,0
770,0
771,0
772,0
773,0.022857142857142857
774,0.005
775,0.01411764705882353
776,0
777,0.017142857142857144
778,0.005333333333333334
779,0
780,0.24358987558987558
781,0
782,0
783,0.015126050420168067
784,0
785,0
786,0
787,0
788,0
789,0
790,0
791,0
792,0.005333333333333334
793,0
794,0
795,0
796,0.1723406136347313
797,0
798,0
799,0
800,0.3467057803565034
801,0
802,0
803,0
804,0
805,0
806,0
807,0.010666666666666668
808,0
809,0.005714285714285715
810,0
811,0
812,0
813,0
814,0
815,0.021333333333333336
816,0.10998319327731093
817,0
818,0.004210526315789474
819,0.03336503022261536
820,0
821,0
822,0.019337474120082816
823,0
824,0
825,0.059190476190476196
826,0.03462188447946962
827,0.026666666666666672
828,0
829,0
830,0
831,0
832,0
833,0
834,0
835,0.030293995859213253
836,0
837,0
838,0.059823529411764706
839,0
840,0
841,0.03428571428571429
842,0
843,0
844,0.024545454545454547
845,0
846,0.07591620763137792
847,0.004705882352941176
848,0.07019651896539769
849,0.35260300229183533
850,0
851,0.02285714285714286
852,0
853,0
854,0.005714285714285715
855,0.01142857142857143
856,0
857,0
858,0
859,0
860,0.1456932536062971
861,0
862,0
863,0.025
864,0
865,0
866,0
867,0
868,0.010666666666666668
869,0
870,0
871,0
872,0
873,0.04266666666666667
874,0.2127953216374269
875,0.05384745285674078
876,0.017309941520467834
877,0
878,0.07851308417601742
879,0
880,0
881,0
882,0
883,0
884,0.0044444444444444444
885,0
886,0
887,0
888,0
889,0.0741375987291853
890,0
891,0.02154798761609907
892,0.016380952380952385
893,0.2782672324459914
894,0.3004257968209025
895,0
896,0
897,0
898,0
899,0
900,0
901,0.02104761904761905
902,0
903,0
904,0
905,0.04862095077265356
906,0
907,0
908,0
909,0
910,0
911,0
912,0.06402417809228955
913,0
914,0
915,0.005
916,0.07162507058159233
917,0.1057309941520468
918,0
919,0.014222222222222223
920,0
921,0.005
922,0.020317460317460317
923,0
924,0.005714285714285715
925,0
926,0
927,0.02805797101449276
928,0
929,0.03305050505050505
930,0.005333333333333334
931,0
932,0.10670736670736672
933,0
934,0
935,0
936,0
937,0
938,0.005333333333333334
939,0
940,0
941,0.026666666666666672
942,0
943,0
944,0
945,0
946,0
947,0.03428571428571429
948,0
949,0
950,0.013099415204678362
951,0
952,0
953,0
954,0
955,0
956,0
957,0
958,0
959,0
960,0.29717934551362546
961,0
962,0
963,0.024761904761904763
964,0
965,0
966,0
967,0
968,0.01104761904761905
969,0.048074199484725806
970,0.024444444444444446
971,0.21289828413511278
972,0
973,0
974,0
975,0.03166666666666667
976,0.0044444444444444444
977,0
978,0
979,0.03196815568332596
980,0.07742857142857143
981,0.005714285714285715
982,0.03285714285714286
983,0
984,0
985,0.09127721147400782
986,0.09032024790592566
987,0
988,0
989,0
990,0
991,0
992,0.0320952380952381
993,0
994,0
995,0
996,0
997,0
998,0
999,0
1000,0.005
